1.00 3895.48
2.00 3897.55
3.00 3899.61
4.00 3901.67
5.00 3903.72
6.00 3905.76
7.00 3907.80
8.00 3909.83
9.00 3911.85
10.00 3913.87
11.00 3915.87
12.00 3917.88
13.00 3919.87
14.00 3921.86
15.00 3923.84
16.00 3925.81
17.00 3927.78
18.00 3929.74
19.00 3931.69
20.00 3933.63
21.00 3935.57
22.00 3937.49
23.00 3939.41
24.00 3941.33
25.00 3943.23
26.00 3945.12
27.00 3947.01
28.00 3948.89
29.00 3950.76
30.00 3952.62
31.00 3954.48
32.00 3956.32
33.00 3958.16
34.00 3959.98
35.00 3961.80
36.00 3963.61
37.00 3965.41
38.00 3967.20
39.00 3968.98
40.00 3970.75
41.00 3972.51
42.00 3974.26
43.00 3976.01
44.00 3977.74
45.00 3979.46
46.00 3981.17
47.00 3982.88
48.00 3984.57
49.00 3986.25
50.00 3987.92
51.00 3989.58
52.00 3991.24
53.00 3992.88
54.00 3994.51
55.00 3996.12
56.00 3997.73
57.00 3999.33
58.00 4000.92
59.00 4002.49
60.00 4004.06
61.00 4005.61
62.00 4007.15
63.00 4008.68
64.00 4010.20
65.00 4011.70
66.00 4013.20
67.00 4014.68
68.00 4016.15
69.00 4017.61
70.00 4019.06
71.00 4020.49
72.00 4021.91
73.00 4023.32
74.00 4024.72
75.00 4026.11
76.00 4027.48
77.00 4028.84
78.00 4030.19
79.00 4031.52
80.00 4032.84
81.00 4034.15
82.00 4035.45
83.00 4036.73
84.00 4038.00
85.00 4039.26
86.00 4040.50
87.00 4041.73
88.00 4042.94
89.00 4044.14
90.00 4045.33
91.00 4046.51
92.00 4047.67
93.00 4048.81
94.00 4049.95
95.00 4051.06
96.00 4052.17
97.00 4053.26
98.00 4054.34
99.00 4055.40
100.00 4056.44
101.00 4057.48
102.00 4058.50
103.00 4059.50
104.00 4060.49
105.00 4061.46
106.00 4062.42
107.00 4063.37
108.00 4064.30
109.00 4065.21
110.00 4066.11
111.00 4066.99
112.00 4056.87
113.00 4046.73
114.00 4036.56
115.00 4026.37
116.00 4016.16
117.00 4005.93
118.00 3995.67
119.00 3985.39
120.00 3975.09
121.00 3964.76
122.00 3954.41
123.00 3944.05
124.00 3933.66
125.00 3923.24
126.00 3912.81
127.00 3902.35
128.00 3891.87
129.00 3881.37
130.00 3870.85
131.00 3860.31
132.00 3849.75
133.00 3839.16
134.00 3828.56
135.00 3817.93
136.00 3807.29
137.00 3796.62
138.00 3785.93
139.00 3775.22
140.00 3764.49
141.00 3753.74
142.00 3742.97
143.00 3732.18
144.00 3721.37
145.00 3710.54
146.00 3699.69
147.00 3688.82
148.00 3677.93
149.00 3667.02
150.00 3656.09
151.00 3645.14
152.00 3634.18
153.00 3623.19
154.00 3612.19
155.00 3601.16
156.00 3590.12
157.00 3579.06
158.00 3567.98
159.00 3556.88
160.00 3545.77
161.00 3534.64
162.00 3523.48
163.00 3512.31
164.00 3501.13
165.00 3489.92
166.00 3478.70
167.00 3467.46
168.00 3456.20
169.00 3444.93
170.00 3433.64
171.00 3422.33
172.00 3411.01
173.00 3399.67
174.00 3388.31
175.00 3376.94
176.00 3365.55
177.00 3354.14
178.00 3342.72
179.00 3331.28
180.00 3319.83
181.00 3308.36
182.00 3296.88
183.00 3285.38
184.00 3273.87
185.00 3262.34
186.00 3250.79
187.00 3239.23
188.00 3227.66
189.00 3216.07
190.00 3204.47
191.00 3192.86
192.00 3181.23
193.00 3169.58
194.00 3157.93
195.00 3146.26
196.00 3134.57
197.00 3122.88
198.00 3111.17
199.00 3099.44
200.00 3087.71
201.00 3075.96
202.00 3064.20
203.00 3052.43
204.00 3040.64
205.00 3028.84
206.00 3017.04
207.00 3005.22
208.00 2993.38
209.00 2981.54
210.00 2969.69
211.00 2957.82
212.00 2945.94
213.00 2934.06
214.00 2922.16
215.00 2910.25
216.00 2898.34
217.00 2886.41
218.00 2874.47
219.00 2874.52
220.00 2874.56
221.00 2874.61
222.00 2874.66
223.00 2874.70
224.00 2874.75
225.00 2874.79
226.00 2874.84
227.00 2874.88
228.00 2874.93
229.00 2874.97
230.00 2875.01
231.00 2875.06
232.00 2875.10
233.00 2875.14
234.00 2875.19
235.00 2875.23
236.00 2875.27
237.00 2875.31
238.00 2875.35
239.00 2875.39
240.00 2875.43
241.00 2875.47
242.00 2875.51
243.00 2875.55
244.00 2875.59
245.00 2875.63
246.00 2875.67
247.00 2875.71
248.00 2875.74
249.00 2875.78
250.00 2875.82
251.00 2875.85
252.00 2875.89
253.00 2875.93
254.00 2875.96
255.00 2876.00
256.00 2876.03
257.00 2876.07
258.00 2876.10
259.00 2876.13
260.00 2876.17
261.00 2876.20
262.00 2876.23
263.00 2876.27
264.00 2876.30
265.00 2876.33
266.00 2876.36
267.00 2876.39
268.00 2876.43
269.00 2876.46
270.00 2876.49
271.00 2876.52
272.00 2876.55
273.00 2876.57
274.00 2876.60
275.00 2876.63
276.00 2876.66
277.00 2876.69
278.00 2876.72
279.00 2876.74
280.00 2876.77
281.00 2876.80
282.00 2876.82
283.00 2876.85
284.00 2876.87
285.00 2876.90
286.00 2876.92
287.00 2876.95
288.00 2876.97
289.00 2877.00
290.00 2877.02
291.00 2877.04
292.00 2877.07
293.00 2877.09
294.00 2877.11
295.00 2877.13
296.00 2877.15
297.00 2877.17
298.00 2877.19
299.00 2877.22
300.00 2877.24
301.00 2877.25
302.00 2877.27
303.00 2877.29
304.00 2877.31
305.00 2877.33
306.00 2877.35
307.00 2877.37
308.00 2877.38
309.00 2877.40
310.00 2877.42
311.00 2877.43
312.00 2877.45
313.00 2877.46
314.00 2877.48
315.00 2877.49
316.00 2877.51
317.00 2877.52
318.00 2877.54
319.00 2877.55
320.00 2877.56
321.00 2877.57
322.00 2877.59
323.00 2877.60
324.00 2877.61
325.00 2877.62
326.00 2877.63
327.00 2877.64
328.00 2877.65
329.00 2877.66
330.00 2877.67
331.00 2877.68
332.00 2877.69
333.00 2877.70
334.00 2877.71
335.00 2877.72
336.00 2877.72
337.00 2877.73
338.00 2877.74
339.00 2877.74
340.00 2877.75
341.00 2877.75
342.00 2877.76
343.00 2877.77
344.00 2877.77
345.00 2877.77
346.00 2877.78
347.00 2877.78
348.00 2877.78
349.00 2877.79
350.00 2877.79
351.00 2877.79
352.00 2877.79
353.00 2877.80
354.00 2877.80
355.00 2877.80
356.00 2877.80
357.00 2877.80
358.00 2877.80
359.00 2877.80
360.00 2877.80
361.00 2877.80
362.00 2877.79
363.00 2877.79
364.00 2877.79
365.00 2877.79
366.00 2877.78
367.00 2877.78
368.00 2877.78
369.00 2877.77
370.00 2877.77
371.00 2877.76
372.00 2877.76
373.00 2877.75
374.00 2877.75
375.00 2877.74
376.00 2877.73
377.00 2877.73
378.00 2877.72
379.00 2877.71
380.00 2877.70
381.00 2877.70
382.00 2877.69
383.00 2877.68
384.00 2877.67
385.00 2877.66
386.00 2877.65
387.00 2877.64
388.00 2877.63
389.00 2877.62
390.00 2877.60
391.00 2877.59
392.00 2877.58
393.00 2877.57
394.00 2877.56
395.00 2877.54
396.00 2877.53
397.00 2877.51
398.00 2877.50
399.00 2877.49
400.00 2877.47
401.00 2877.46
402.00 2877.44
403.00 2877.42
404.00 2877.41
405.00 2877.39
406.00 2877.37
407.00 2877.36
408.00 2877.34
409.00 2877.32
410.00 2877.30
411.00 2877.28
412.00 2877.26
413.00 2877.24
414.00 2877.23
415.00 2877.21
416.00 2877.18
417.00 2877.16
418.00 2877.14
419.00 2877.12
420.00 2877.10
421.00 2877.08
422.00 2877.05
423.00 2877.03
424.00 2877.01
425.00 2876.98
426.00 2876.96
427.00 2876.94
428.00 2876.91
429.00 2876.89
430.00 2876.86
431.00 2876.84
432.00 2876.81
433.00 2876.78
434.00 2876.76
435.00 2876.73
436.00 2876.70
437.00 2876.67
438.00 2876.65
439.00 2876.62
440.00 2876.59
441.00 2876.56
442.00 2876.53
443.00 2876.50
444.00 2876.47
445.00 2876.44
446.00 2876.41
447.00 2876.38
448.00 2876.35
449.00 2876.32
450.00 2876.28
451.00 2876.25
452.00 2876.22
453.00 2876.19
454.00 2876.15
455.00 2876.12
456.00 2876.08
457.00 2876.05
458.00 2876.01
459.00 2875.98
460.00 2875.94
461.00 2875.91
462.00 2875.87
463.00 2875.84
464.00 2875.80
465.00 2875.76
466.00 2875.72
467.00 2875.69
468.00 2875.65
469.00 2875.61
470.00 2875.57
471.00 2875.53
472.00 2875.49
473.00 2875.45
474.00 2875.41
475.00 2875.37
476.00 2875.33
477.00 2875.29
478.00 2875.25
479.00 2875.21
480.00 2875.16
481.00 2875.12
482.00 2875.08
483.00 2875.04
484.00 2874.99
485.00 2874.95
486.00 2874.91
487.00 2874.86
488.00 2874.82
489.00 2874.77
490.00 2874.73
491.00 2874.68
492.00 2874.63
493.00 2874.59
494.00 2874.54
495.00 2874.49
496.00 2874.45
497.00 2874.40
498.00 2874.35
499.00 2874.30
500.00 2874.25
501.00 2874.21
502.00 2874.16
503.00 2874.11
504.00 2874.06
505.00 2874.01
506.00 2873.96
507.00 2873.91
508.00 2873.85
509.00 2873.80
510.00 2873.75
511.00 2873.70
512.00 2873.65
513.00 2873.59
514.00 2873.54
515.00 2873.49
516.00 2873.43
517.00 2873.38
518.00 2873.33
519.00 2873.27
520.00 2873.22
521.00 2873.16
522.00 2873.11
523.00 2873.05
524.00 2872.99
525.00 2872.94
526.00 2872.88
527.00 2872.82
528.00 2872.77
529.00 2872.71
530.00 2872.65
531.00 2872.59
532.00 2872.53
533.00 2872.48
534.00 2872.42
535.00 2872.36
536.00 2872.30
537.00 2872.24
538.00 2872.18
539.00 2872.12
540.00 2872.06
541.00 2871.99
542.00 2871.93
543.00 2871.87
544.00 2871.81
545.00 2871.75
546.00 2871.68
547.00 2871.62
548.00 2871.56
549.00 2871.49
550.00 2871.43
551.00 2871.36
552.00 2871.30
553.00 2871.24
554.00 2871.17
555.00 2871.10
556.00 2871.04
557.00 2870.97
558.00 2870.91
559.00 2870.84
560.00 2870.77
561.00 2870.71
562.00 2870.64
563.00 2870.57
564.00 2870.50
565.00 2870.43
566.00 2870.37
567.00 2870.30
568.00 2870.23
569.00 2870.16
570.00 2870.09
571.00 2870.02
572.00 2869.95
573.00 2869.88
574.00 2869.81
575.00 2869.74
576.00 2869.66
577.00 2869.59
578.00 2869.52
579.00 2869.45
580.00 2869.38
581.00 2869.30
582.00 2869.23
583.00 2869.16
584.00 2869.08
585.00 2869.01
586.00 2868.93
587.00 2868.86
588.00 2868.79
589.00 2868.71
590.00 2868.64
591.00 2868.56
592.00 2868.48
593.00 2868.41
594.00 2868.33
595.00 2868.25
596.00 2868.18
597.00 2868.10
598.00 2868.02
599.00 2867.95
600.00 2867.87
601.00 2867.79
602.00 2867.71
603.00 2867.63
604.00 2867.55
605.00 2867.47
606.00 2867.39
607.00 2867.31
608.00 2867.23
609.00 2867.15
610.00 2867.07
611.00 2866.99
612.00 2866.91
613.00 2866.83
614.00 2866.75
615.00 2866.67
616.00 2866.59
617.00 2866.50
618.00 2866.42
619.00 2866.34
620.00 2866.25
621.00 2866.17
622.00 2866.09
623.00 2866.00
624.00 2865.92
625.00 2865.84
626.00 2865.75
627.00 2865.67
628.00 2865.58
629.00 2865.50
630.00 2865.41
631.00 2865.32
632.00 2865.24
633.00 2865.15
634.00 2865.07
635.00 2864.98
636.00 2864.89
637.00 2864.80
638.00 2864.72
639.00 2864.63
640.00 2864.54
641.00 2864.45
642.00 2864.36
643.00 2864.28
644.00 2864.19
645.00 2864.10
646.00 2864.01
647.00 2863.92
648.00 2863.83
649.00 2863.74
650.00 2863.65
651.00 2863.56
652.00 2863.47
653.00 2863.38
654.00 2863.29
655.00 2863.19
656.00 2863.10
657.00 2863.01
658.00 2862.92
659.00 2862.83
660.00 2862.73
661.00 2862.64
662.00 2862.55
663.00 2862.45
664.00 2862.36
665.00 2862.27
666.00 2862.17
667.00 2862.08
668.00 2861.99
669.00 2861.89
670.00 2861.80
671.00 2861.70
672.00 2861.61
673.00 2861.51
674.00 2861.42
675.00 2861.32
676.00 2861.22
677.00 2861.13
678.00 2861.03
679.00 2860.93
680.00 2860.84
681.00 2860.74
682.00 2860.64
683.00 2860.55
684.00 2860.45
685.00 2860.35
686.00 2860.25
687.00 2860.15
688.00 2860.06
689.00 2859.96
690.00 2859.86
691.00 2859.76
692.00 2859.66
693.00 2859.56
694.00 2859.46
695.00 2859.36
696.00 2859.26
697.00 2859.16
698.00 2859.06
699.00 2858.96
700.00 2858.86
701.00 2858.76
702.00 2858.66
703.00 2858.56
704.00 2858.46
705.00 2858.35
706.00 2858.25
707.00 2858.15
708.00 2858.05
709.00 2857.95
710.00 2857.84
711.00 2857.74
712.00 2857.64
713.00 2857.54
714.00 2857.43
715.00 2857.33
716.00 2857.23
717.00 2857.12
718.00 2857.02
719.00 2856.91
720.00 2856.81
721.00 2856.70
722.00 2856.60
723.00 2856.50
724.00 2856.39
725.00 2856.29
726.00 2856.18
727.00 2856.07
728.00 2855.97
729.00 2855.86
730.00 2855.76
731.00 2855.65
732.00 2855.54
733.00 2855.44
734.00 2855.33
735.00 2855.23
736.00 2855.12
737.00 2855.01
738.00 2854.90
739.00 2854.80
740.00 2854.69
741.00 2854.58
742.00 2854.47
743.00 2854.37
744.00 2854.26
745.00 2854.15
746.00 2854.04
747.00 2853.93
748.00 2853.82
749.00 2853.71
750.00 2853.61
751.00 2853.50
752.00 2853.39
753.00 2853.28
754.00 2853.17
755.00 2853.06
756.00 2852.95
757.00 2852.84
758.00 2852.73
759.00 2852.62
760.00 2852.51
761.00 2852.40
762.00 2852.29
763.00 2852.18
764.00 2852.07
765.00 2851.95
766.00 2851.84
767.00 2851.73
768.00 2851.62
769.00 2851.51
770.00 2851.40
771.00 2851.29
772.00 2851.17
773.00 2851.06
774.00 2850.95
775.00 2850.84
776.00 2850.72
777.00 2850.61
778.00 2850.50
779.00 2850.39
780.00 2850.27
781.00 2850.16
782.00 2850.05
783.00 2849.93
784.00 2849.82
785.00 2849.71
786.00 2849.59
787.00 2849.48
788.00 2849.37
789.00 2849.25
790.00 2849.14
791.00 2849.02
792.00 2848.91
793.00 2848.80
794.00 2848.68
795.00 2848.57
796.00 2848.45
797.00 2848.34
798.00 2848.22
799.00 2848.11
800.00 2847.99
801.00 2847.88
802.00 2847.76
803.00 2847.65
804.00 2847.53
805.00 2847.42
806.00 2847.30
807.00 2847.18
808.00 2847.07
809.00 2846.95
810.00 2846.84
811.00 2846.72
812.00 2846.60
813.00 2846.49
814.00 2846.37
815.00 2846.26
816.00 2846.14
817.00 2846.02
818.00 2845.91
819.00 2845.79
820.00 2845.67
821.00 2845.56
822.00 2845.44
823.00 2845.32
824.00 2845.20
825.00 2845.09
826.00 2844.97
827.00 2844.85
828.00 2844.74
829.00 2844.62
830.00 2844.50
831.00 2844.38
832.00 2844.26
833.00 2844.15
834.00 2844.03
835.00 2843.91
836.00 2843.79
837.00 2843.68
838.00 2843.56
839.00 2843.44
840.00 2843.32
841.00 2843.20
842.00 2843.08
843.00 2842.97
844.00 2842.85
845.00 2842.73
846.00 2842.61
847.00 2842.49
848.00 2842.37
849.00 2842.25
850.00 2842.14
851.00 2842.02
852.00 2841.90
853.00 2841.78
854.00 2841.66
855.00 2841.54
856.00 2841.42
857.00 2841.30
858.00 2841.18
859.00 2841.06
860.00 2840.95
861.00 2840.83
862.00 2840.71
863.00 2840.59
864.00 2840.47
865.00 2840.35
866.00 2840.23
867.00 2840.11
868.00 2839.99
869.00 2839.87
870.00 2839.75
871.00 2839.63
872.00 2839.51
873.00 2839.39
874.00 2839.27
875.00 2839.15
876.00 2839.03
877.00 2838.91
878.00 2838.79
879.00 2838.67
880.00 2838.55
881.00 2838.43
882.00 2838.31
883.00 2838.19
884.00 2838.07
885.00 2837.95
886.00 2837.83
887.00 2837.71
888.00 2837.59
889.00 2837.47
890.00 2837.35
891.00 2837.23
892.00 2837.11
893.00 2836.99
894.00 2836.87
895.00 2836.75
896.00 2836.63
897.00 2836.51
898.00 2836.39
899.00 2836.27
900.00 2836.15
901.00 2836.03
902.00 2835.91
903.00 2835.79
904.00 2835.67
905.00 2835.55
906.00 2835.43
907.00 2835.31
908.00 2835.19
909.00 2835.07
910.00 2834.95
911.00 2834.83
912.00 2834.71
913.00 2834.59
914.00 2834.47
915.00 2834.35
916.00 2834.23
917.00 2834.11
918.00 2833.99
919.00 2833.87
920.00 2833.75
921.00 2833.63
922.00 2833.51
923.00 2833.39
924.00 2833.27
925.00 2833.15
926.00 2833.03
927.00 2832.91
928.00 2832.79
929.00 2832.67
930.00 2832.55
931.00 2832.43
932.00 2832.31
933.00 2832.19
934.00 2832.07
935.00 2831.95
936.00 2831.83
937.00 2831.71
938.00 2831.59
939.00 2831.47
940.00 2831.35
941.00 2831.23
942.00 2831.11
943.00 2830.99
944.00 2830.87
945.00 2830.76
946.00 2830.64
947.00 2830.52
948.00 2830.40
949.00 2830.28
950.00 2830.16
951.00 2830.04
952.00 2829.92
953.00 2829.80
954.00 2829.68
955.00 2829.56
956.00 2829.44
957.00 2829.33
958.00 2829.21
959.00 2829.09
960.00 2828.97
961.00 2828.85
962.00 2828.73
963.00 2828.61
964.00 2828.50
965.00 2828.38
966.00 2828.26
967.00 2828.14
968.00 2828.02
969.00 2827.90
970.00 2827.79
971.00 2827.67
972.00 2827.55
973.00 2827.43
974.00 2827.31
975.00 2827.20
976.00 2827.08
977.00 2826.96
978.00 2826.84
979.00 2826.72
980.00 2826.61
981.00 2826.49
982.00 2826.37
983.00 2826.26
984.00 2826.14
985.00 2826.02
986.00 2825.90
987.00 2825.79
988.00 2825.67
989.00 2825.55
990.00 2825.44
991.00 2825.32
992.00 2825.20
993.00 2825.09
994.00 2824.97
995.00 2824.85
996.00 2824.74
997.00 2824.62
998.00 2824.50
999.00 2824.39
1000.00 2824.27
1001.00 2824.16
1002.00 2824.04
1003.00 2823.93
1004.00 2823.81
1005.00 2823.69
1006.00 2823.58
1007.00 2823.46
1008.00 2823.35
1009.00 2823.23
1010.00 2823.12
1011.00 2823.00
1012.00 2822.89
1013.00 2822.77
1014.00 2822.66
1015.00 2822.54
1016.00 2822.43
1017.00 2822.32
1018.00 2822.20
1019.00 2822.09
1020.00 2821.97
1021.00 2821.86
1022.00 2821.75
1023.00 2821.63
1024.00 2821.52
1025.00 2821.40
1026.00 2821.29
1027.00 2821.18
1028.00 2821.06
1029.00 2820.95
1030.00 2820.84
1031.00 2820.73
1032.00 2820.61
1033.00 2820.50
1034.00 2820.39
1035.00 2820.28
1036.00 2820.16
1037.00 2820.05
1038.00 2819.94
1039.00 2819.83
1040.00 2819.72
1041.00 2819.60
1042.00 2819.49
1043.00 2819.38
1044.00 2819.27
1045.00 2819.16
1046.00 2819.05
1047.00 2818.94
1048.00 2818.83
1049.00 2818.72
1050.00 2818.60
1051.00 2818.49
1052.00 2818.38
1053.00 2818.27
1054.00 2818.16
1055.00 2818.05
1056.00 2817.94
1057.00 2817.83
1058.00 2817.72
1059.00 2817.62
1060.00 2817.51
1061.00 2817.40
1062.00 2817.29
1063.00 2817.18
1064.00 2817.07
1065.00 2816.96
1066.00 2816.85
1067.00 2816.75
1068.00 2816.64
1069.00 2816.53
1070.00 2816.42
1071.00 2816.31
1072.00 2816.21
1073.00 2816.10
1074.00 2815.99
1075.00 2815.89
1076.00 2815.78
1077.00 2815.67
1078.00 2815.57
1079.00 2815.46
1080.00 2815.35
1081.00 2815.25
1082.00 2815.14
1083.00 2815.03
1084.00 2814.93
1085.00 2814.82
1086.00 2814.72
1087.00 2814.61
1088.00 2814.51
1089.00 2814.40
1090.00 2814.30
1091.00 2814.19
1092.00 2814.09
1093.00 2813.98
1094.00 2813.88
1095.00 2813.78
1096.00 2813.67
1097.00 2813.57
1098.00 2813.47
1099.00 2813.36
1100.00 2813.26
1101.00 2813.16
1102.00 2813.05
1103.00 2812.95
1104.00 2812.85
1105.00 2812.75
1106.00 2812.64
1107.00 2812.54
1108.00 2812.44
1109.00 2812.34
1110.00 2812.24
1111.00 2812.14
1112.00 2812.04
1113.00 2811.94
1114.00 2811.83
1115.00 2811.73
1116.00 2811.63
1117.00 2811.53
1118.00 2811.43
1119.00 2811.33
1120.00 2811.23
1121.00 2811.14
1122.00 2811.04
1123.00 2810.94
1124.00 2810.84
1125.00 2810.74
1126.00 2810.64
1127.00 2810.54
1128.00 2810.44
1129.00 2810.35
1130.00 2810.25
1131.00 2810.15
1132.00 2810.05
1133.00 2809.96
1134.00 2809.86
1135.00 2809.76
1136.00 2809.67
1137.00 2809.57
1138.00 2809.47
1139.00 2809.38
1140.00 2809.28
1141.00 2809.19
1142.00 2809.09
1143.00 2809.00
1144.00 2808.90
1145.00 2808.81
1146.00 2808.71
1147.00 2808.62
1148.00 2808.52
1149.00 2808.43
1150.00 2808.34
1151.00 2808.24
1152.00 2808.15
1153.00 2808.06
1154.00 2807.96
1155.00 2807.87
1156.00 2807.78
1157.00 2807.69
1158.00 2807.59
1159.00 2807.50
1160.00 2807.41
1161.00 2807.32
1162.00 2807.23
1163.00 2807.14
1164.00 2807.04
1165.00 2806.95
1166.00 2806.86
1167.00 2806.77
1168.00 2806.68
1169.00 2806.59
1170.00 2806.50
1171.00 2806.42
1172.00 2806.33
1173.00 2806.24
1174.00 2806.15
1175.00 2806.06
1176.00 2805.97
1177.00 2805.88
1178.00 2805.80
1179.00 2805.71
1180.00 2805.62
1181.00 2805.53
1182.00 2805.45
1183.00 2805.36
1184.00 2805.27
1185.00 2805.19
1186.00 2805.10
1187.00 2805.02
1188.00 2804.93
1189.00 2804.84
1190.00 2804.76
1191.00 2804.67
1192.00 2804.59
1193.00 2804.51
1194.00 2804.42
1195.00 2804.34
1196.00 2804.25
1197.00 2804.17
1198.00 2804.09
1199.00 2804.00
1200.00 2803.92
1201.00 2803.84
1202.00 2803.76
1203.00 2803.67
1204.00 2803.59
1205.00 2803.51
1206.00 2803.43
1207.00 2803.35
1208.00 2803.27
1209.00 2803.19
1210.00 2803.11
1211.00 2803.03
1212.00 2802.95
1213.00 2802.87
1214.00 2802.79
1215.00 2802.71
1216.00 2802.63
1217.00 2802.55
1218.00 2802.47
1219.00 2802.39
1220.00 2802.32
1221.00 2802.24
1222.00 2802.16
1223.00 2802.08
1224.00 2802.01
1225.00 2801.93
1226.00 2801.85
1227.00 2801.78
1228.00 2801.70
1229.00 2801.63
1230.00 2801.55
1231.00 2801.48
1232.00 2801.40
1233.00 2801.33
1234.00 2801.25
1235.00 2801.18
1236.00 2801.10
1237.00 2801.03
1238.00 2800.96
1239.00 2800.88
1240.00 2800.81
1241.00 2800.74
1242.00 2800.66
1243.00 2800.59
1244.00 2800.52
1245.00 2800.45
1246.00 2800.38
1247.00 2800.31
1248.00 2800.24
1249.00 2800.16
1250.00 2800.09
1251.00 2800.02
1252.00 2799.95
1253.00 2799.89
1254.00 2799.82
1255.00 2799.75
1256.00 2799.68
1257.00 2799.61
1258.00 2799.54
1259.00 2799.47
1260.00 2799.41
1261.00 2799.34
1262.00 2799.27
1263.00 2799.20
1264.00 2799.14
1265.00 2799.07
1266.00 2799.01
1267.00 2798.94
1268.00 2798.87
1269.00 2798.81
1270.00 2798.74
1271.00 2798.68
1272.00 2798.61
1273.00 2798.55
1274.00 2798.49
1275.00 2798.42
1276.00 2798.36
1277.00 2798.30
1278.00 2798.23
1279.00 2798.17
1280.00 2798.11
1281.00 2798.05
1282.00 2797.99
1283.00 2797.92
1284.00 2797.86
1285.00 2797.80
1286.00 2797.74
1287.00 2797.68
1288.00 2797.62
1289.00 2797.56
1290.00 2797.50
1291.00 2797.44
1292.00 2797.38
1293.00 2797.32
1294.00 2797.27
1295.00 2797.21
1296.00 2797.15
1297.00 2797.09
1298.00 2797.04
1299.00 2796.98
1300.00 2796.92
1301.00 2796.87
1302.00 2796.81
1303.00 2796.75
1304.00 2796.70
1305.00 2796.64
1306.00 2796.59
1307.00 2796.53
1308.00 2796.48
1309.00 2796.42
1310.00 2796.37
1311.00 2796.32
1312.00 2796.26
1313.00 2796.21
1314.00 2796.16
1315.00 2796.11
1316.00 2796.05
1317.00 2796.00
1318.00 2795.95
1319.00 2795.90
1320.00 2795.85
1321.00 2795.80
1322.00 2795.75
1323.00 2795.70
1324.00 2795.65
1325.00 2795.60
1326.00 2795.55
1327.00 2795.50
1328.00 2795.45
1329.00 2795.40
1330.00 2795.36
1331.00 2795.31
1332.00 2795.26
1333.00 2795.21
1334.00 2795.17
1335.00 2795.12
1336.00 2795.07
1337.00 2795.03
1338.00 2794.98
1339.00 2794.94
1340.00 2794.89
1341.00 2794.85
1342.00 2794.80
1343.00 2794.76
1344.00 2794.72
1345.00 2794.67
1346.00 2794.63
1347.00 2794.59
1348.00 2794.54
1349.00 2794.50
1350.00 2794.46
1351.00 2794.42
1352.00 2794.38
1353.00 2794.33
1354.00 2794.29
1355.00 2794.25
1356.00 2794.21
1357.00 2794.17
1358.00 2794.13
1359.00 2794.09
1360.00 2794.06
1361.00 2794.02
1362.00 2793.98
1363.00 2793.94
1364.00 2793.90
1365.00 2793.86
1366.00 2793.83
1367.00 2793.79
1368.00 2793.75
1369.00 2793.72
1370.00 2793.68
1371.00 2793.65
1372.00 2793.61
1373.00 2793.58
1374.00 2793.54
1375.00 2793.51
1376.00 2793.47
1377.00 2793.44
1378.00 2793.41
1379.00 2793.37
1380.00 2793.34
1381.00 2793.31
1382.00 2793.27
1383.00 2793.24
1384.00 2793.21
1385.00 2793.18
1386.00 2793.15
1387.00 2793.12
1388.00 2793.09
1389.00 2793.06
1390.00 2793.03
1391.00 2793.00
1392.00 2792.97
1393.00 2792.94
1394.00 2792.91
1395.00 2792.88
1396.00 2792.86
1397.00 2792.83
1398.00 2792.80
1399.00 2792.77
1400.00 2792.75
1401.00 2792.72
1402.00 2792.69
1403.00 2792.67
1404.00 2792.64
1405.00 2792.62
1406.00 2792.59
1407.00 2792.57
1408.00 2792.54
1409.00 2792.52
1410.00 2792.50
1411.00 2792.47
1412.00 2792.45
1413.00 2792.43
1414.00 2792.41
1415.00 2792.38
1416.00 2792.36
1417.00 2792.34
1418.00 2792.32
1419.00 2792.30
1420.00 2792.28
1421.00 2792.26
1422.00 2792.24
1423.00 2792.22
1424.00 2792.20
1425.00 2792.18
1426.00 2792.16
1427.00 2792.15
1428.00 2792.13
1429.00 2792.11
1430.00 2792.09
1431.00 2792.08
1432.00 2792.06
1433.00 2792.04
1434.00 2792.03
1435.00 2792.01
1436.00 2792.00
1437.00 2791.98
1438.00 2791.97
1439.00 2791.95
1440.00 2791.94
1441.00 2791.92
1442.00 2791.91
1443.00 2791.90
1444.00 2791.88
1445.00 2791.87
1446.00 2791.86
1447.00 2791.85
1448.00 2791.84
1449.00 2791.83
1450.00 2791.81
1451.00 2791.80
1452.00 2791.79
1453.00 2791.78
1454.00 2791.77
1455.00 2791.77
1456.00 2791.76
1457.00 2791.75
1458.00 2791.74
1459.00 2791.73
1460.00 2791.72
1461.00 2791.72
1462.00 2791.71
1463.00 2791.70
1464.00 2791.70
1465.00 2791.69
1466.00 2791.68
1467.00 2791.68
1468.00 2791.67
1469.00 2791.67
1470.00 2791.66
1471.00 2791.66
1472.00 2791.66
1473.00 2791.65
1474.00 2791.65
1475.00 2791.65
1476.00 2791.64
1477.00 2791.64
1478.00 2791.64
1479.00 2791.64
1480.00 2791.64
1481.00 2791.64
1482.00 2791.64
1483.00 2791.64
1484.00 2791.64
1485.00 2791.64
1486.00 2791.64
1487.00 2791.64
1488.00 2791.64
1489.00 2791.64
1490.00 2791.64
1491.00 2791.64
1492.00 2791.65
1493.00 2791.65
1494.00 2791.65
1495.00 2791.66
1496.00 2791.66
1497.00 2791.66
1498.00 2791.67
1499.00 2791.67
1500.00 2791.68
1501.00 2791.68
1502.00 2779.70
1503.00 2767.70
1504.00 2755.69
1505.00 2743.68
1506.00 2731.65
1507.00 2719.62
1508.00 2707.58
1509.00 2695.53
1510.00 2683.48
1511.00 2671.42
1512.00 2659.35
1513.00 2647.27
1514.00 2635.18
1515.00 2623.09
1516.00 2611.00
1517.00 2598.89
1518.00 2586.78
1519.00 2574.66
1520.00 2562.54
1521.00 2550.41
1522.00 2538.28
1523.00 2526.14
1524.00 2514.00
1525.00 2501.85
1526.00 2501.93
1527.00 2502.00
1528.00 2502.09
1529.00 2502.17
1530.00 2502.27
1531.00 2502.36
1532.00 2502.47
1533.00 2502.57
1534.00 2502.69
1535.00 2502.80
1536.00 2502.93
1537.00 2503.05
1538.00 2503.18
1539.00 2503.32
1540.00 2503.46
1541.00 2503.61
1542.00 2503.76
1543.00 2503.92
1544.00 2504.08
1545.00 2504.25
1546.00 2504.42
1547.00 2504.59
1548.00 2504.78
1549.00 2504.96
1550.00 2505.15
1551.00 2505.35
1552.00 2505.55
1553.00 2505.76
1554.00 2505.97
1555.00 2506.18
1556.00 2506.40
1557.00 2506.63
1558.00 2506.86
1559.00 2507.09
1560.00 2507.34
1561.00 2507.58
1562.00 2507.83
1563.00 2508.09
1564.00 2508.35
1565.00 2508.61
1566.00 2508.88
1567.00 2509.16
1568.00 2509.44
1569.00 2509.72
1570.00 2510.01
1571.00 2510.31
1572.00 2510.60
1573.00 2510.91
1574.00 2511.22
1575.00 2511.53
1576.00 2511.85
1577.00 2512.18
1578.00 2512.51
1579.00 2512.84
1580.00 2513.18
1581.00 2513.52
1582.00 2513.87
1583.00 2514.23
1584.00 2514.58
1585.00 2514.95
1586.00 2515.32
1587.00 2515.69
1588.00 2516.07
1589.00 2516.45
1590.00 2516.84
1591.00 2517.23
1592.00 2517.63
1593.00 2518.03
1594.00 2518.44
1595.00 2518.86
1596.00 2519.27
1597.00 2519.70
1598.00 2520.12
1599.00 2520.56
1600.00 2521.00
1601.00 2521.44
1602.00 2521.89
1603.00 2522.34
1604.00 2522.80
1605.00 2523.26
1606.00 2523.73
1607.00 2524.20
1608.00 2524.67
1609.00 2525.16
1610.00 2525.64
1611.00 2526.14
1612.00 2526.63
1613.00 2527.13
1614.00 2527.64
1615.00 2528.15
1616.00 2528.67
1617.00 2529.19
1618.00 2529.72
1619.00 2530.25
1620.00 2530.79
1621.00 2531.33
1622.00 2531.87
1623.00 2532.43
1624.00 2532.98
1625.00 2533.54
1626.00 2534.11
1627.00 2534.68
1628.00 2535.26
1629.00 2535.84
1630.00 2536.42
1631.00 2537.01
1632.00 2537.61
1633.00 2538.21
1634.00 2538.82
1635.00 2539.43
1636.00 2540.04
1637.00 2540.66
1638.00 2541.29
1639.00 2541.92
1640.00 2542.55
1641.00 2543.20
1642.00 2543.84
1643.00 2544.49
1644.00 2545.15
1645.00 2545.81
1646.00 2546.47
1647.00 2547.14
1648.00 2547.82
1649.00 2548.50
1650.00 2549.18
1651.00 2549.87
1652.00 2550.57
1653.00 2551.27
1654.00 2551.97
1655.00 2552.68
1656.00 2553.39
1657.00 2554.11
1658.00 2554.84
1659.00 2555.57
1660.00 2556.30
1661.00 2557.04
1662.00 2557.79
1663.00 2558.54
1664.00 2559.29
1665.00 2560.05
1666.00 2560.81
1667.00 2561.58
1668.00 2562.36
1669.00 2563.14
1670.00 2563.92
1671.00 2564.71
1672.00 2565.50
1673.00 2566.30
1674.00 2567.11
1675.00 2567.91
1676.00 2568.73
1677.00 2569.55
1678.00 2570.37
1679.00 2571.20
1680.00 2572.03
1681.00 2572.87
1682.00 2573.72
1683.00 2574.56
1684.00 2575.42
1685.00 2576.28
1686.00 2577.14
1687.00 2578.01
1688.00 2578.88
1689.00 2579.76
1690.00 2580.64
1691.00 2581.53
1692.00 2582.42
1693.00 2583.32
1694.00 2584.23
1695.00 2585.13
1696.00 2586.05
1697.00 2586.96
1698.00 2587.89
1699.00 2588.82
1700.00 2589.75
1701.00 2590.69
1702.00 2591.63
1703.00 2592.58
1704.00 2593.53
1705.00 2594.49
1706.00 2595.45
1707.00 2596.42
1708.00 2597.39
1709.00 2598.37
1710.00 2599.35
1711.00 2600.34
1712.00 2601.33
1713.00 2602.33
1714.00 2603.33
1715.00 2604.34
1716.00 2605.35
1717.00 2606.37
1718.00 2607.39
1719.00 2608.42
1720.00 2609.45
1721.00 2610.49
1722.00 2611.53
1723.00 2612.58
1724.00 2613.63
1725.00 2614.69
1726.00 2615.75
1727.00 2616.82
1728.00 2617.89
1729.00 2618.97
1730.00 2620.05
1731.00 2621.14
1732.00 2622.23
1733.00 2623.33
1734.00 2624.43
1735.00 2625.53
1736.00 2626.65
1737.00 2627.76
1738.00 2628.88
1739.00 2630.01
1740.00 2631.14
1741.00 2632.28
1742.00 2633.42
1743.00 2634.57
1744.00 2635.72
1745.00 2636.88
1746.00 2638.04
1747.00 2639.21
1748.00 2640.38
1749.00 2641.55
1750.00 2642.74
1751.00 2643.92
1752.00 2645.11
1753.00 2646.31
1754.00 2647.51
1755.00 2648.72
1756.00 2649.93
1757.00 2651.15
1758.00 2652.37
1759.00 2653.59
1760.00 2654.83
1761.00 2656.06
1762.00 2657.30
1763.00 2658.55
1764.00 2659.80
1765.00 2661.06
1766.00 2662.32
1767.00 2663.58
1768.00 2664.86
1769.00 2666.13
1770.00 2667.41
1771.00 2668.70
1772.00 2669.99
1773.00 2671.29
1774.00 2672.59
1775.00 2673.89
1776.00 2675.20
1777.00 2676.52
1778.00 2677.84
1779.00 2679.17
1780.00 2680.50
1781.00 2681.83
1782.00 2683.17
1783.00 2684.52
1784.00 2685.87
1785.00 2687.23
1786.00 2688.59
1787.00 2689.95
1788.00 2691.32
1789.00 2692.70
1790.00 2694.08
1791.00 2695.46
1792.00 2696.86
1793.00 2698.25
1794.00 2699.65
1795.00 2701.06
1796.00 2702.47
1797.00 2703.88
1798.00 2705.30
1799.00 2706.73
1800.00 2708.16
1801.00 2709.59
1802.00 2711.03
1803.00 2712.48
1804.00 2713.93
1805.00 2715.38
1806.00 2716.84
1807.00 2718.31
1808.00 2719.78
1809.00 2721.25
1810.00 2722.73
1811.00 2724.21
1812.00 2725.70
1813.00 2727.20
1814.00 2728.70
1815.00 2730.20
1816.00 2731.71
1817.00 2733.23
1818.00 2734.74
1819.00 2736.27
1820.00 2737.80
1821.00 2739.33
1822.00 2740.87
1823.00 2742.41
1824.00 2743.96
1825.00 2745.52
1826.00 2747.08
1827.00 2748.64
1828.00 2750.21
1829.00 2751.78
1830.00 2753.36
1831.00 2754.94
1832.00 2756.53
1833.00 2758.12
1834.00 2759.72
1835.00 2761.32
1836.00 2762.93
1837.00 2764.54
1838.00 2766.16
1839.00 2767.78
1840.00 2769.41
1841.00 2771.04
1842.00 2772.68
1843.00 2774.32
1844.00 2775.97
1845.00 2777.62
1846.00 2779.28
1847.00 2780.94
1848.00 2782.61
1849.00 2784.28
1850.00 2785.95
1851.00 2787.64
1852.00 2789.32
1853.00 2791.01
1854.00 2792.71
1855.00 2794.41
1856.00 2796.11
1857.00 2797.82
1858.00 2799.54
1859.00 2801.26
1860.00 2802.98
1861.00 2804.71
1862.00 2806.45
1863.00 2808.19
1864.00 2809.93
1865.00 2811.68
1866.00 2813.44
1867.00 2815.19
1868.00 2816.96
1869.00 2818.73
1870.00 2820.50
1871.00 2822.28
1872.00 2824.06
1873.00 2825.85
1874.00 2827.64
1875.00 2829.44
1876.00 2831.24
1877.00 2833.05
1878.00 2834.86
1879.00 2836.67
1880.00 2838.50
1881.00 2840.32
1882.00 2842.15
1883.00 2843.99
1884.00 2845.83
1885.00 2847.67
1886.00 2849.52
1887.00 2851.38
1888.00 2853.24
1889.00 2855.10
1890.00 2856.97
1891.00 2858.84
1892.00 2860.72
1893.00 2862.61
1894.00 2864.49
1895.00 2866.39
1896.00 2868.28
1897.00 2870.19
1898.00 2872.09
1899.00 2874.00
1900.00 2875.92
1901.00 2877.84
1902.00 2879.77
1903.00 2881.70
1904.00 2883.63
1905.00 2885.57
1906.00 2887.51
1907.00 2889.46
1908.00 2891.42
1909.00 2893.37
1910.00 2895.34
1911.00 2897.30
1912.00 2899.28
1913.00 2901.25
1914.00 2903.23
1915.00 2905.22
1916.00 2907.21
1917.00 2909.20
1918.00 2911.20
1919.00 2913.21
1920.00 2915.22
1921.00 2917.23
1922.00 2919.25
1923.00 2921.27
1924.00 2923.30
1925.00 2925.33
1926.00 2927.36
1927.00 2929.40
1928.00 2931.45
1929.00 2933.50
1930.00 2935.55
1931.00 2937.61
1932.00 2939.67
1933.00 2941.74
1934.00 2943.81
1935.00 2945.89
1936.00 2947.97
1937.00 2950.06
1938.00 2952.14
1939.00 2954.24
1940.00 2956.34
1941.00 2958.44
1942.00 2960.55
1943.00 2962.66
1944.00 2964.77
1945.00 2966.89
1946.00 2969.02
1947.00 2971.15
1948.00 2973.28
1949.00 2975.42
1950.00 2977.56
1951.00 2979.71
1952.00 2981.86
1953.00 2984.01
1954.00 2986.17
1955.00 2988.34
1956.00 2990.50
1957.00 2992.68
1958.00 2994.85
1959.00 2997.03
1960.00 2999.22
1961.00 3001.40
1962.00 3003.60
1963.00 3005.79
1964.00 3008.00
1965.00 3010.20
1966.00 3012.41
1967.00 3014.62
1968.00 3016.84
1969.00 3019.06
1970.00 3021.29
1971.00 3023.52
1972.00 3025.75
1973.00 3027.99
1974.00 3030.23
1975.00 3032.48
1976.00 3034.73
1977.00 3036.98
1978.00 3039.24
1979.00 3041.50
1980.00 3043.77
1981.00 3046.04
1982.00 3048.31
1983.00 3050.59
1984.00 3052.87
1985.00 3055.16
1986.00 3057.45
1987.00 3059.74
1988.00 3062.04
1989.00 3064.34
1990.00 3066.64
1991.00 3068.95
1992.00 3071.26
1993.00 3073.58
1994.00 3075.90
1995.00 3078.22
1996.00 3080.55
1997.00 3082.88
1998.00 3085.21
1999.00 3087.55
2000.00 3089.89
2001.00 3092.24
2002.00 3094.59
2003.00 3096.94
2004.00 3099.30
2005.00 3101.66
2006.00 3104.02
2007.00 3106.38
2008.00 3108.75
2009.00 3111.13
2010.00 3113.50
2011.00 3115.88
2012.00 3118.27
2013.00 3120.65
2014.00 3123.04
2015.00 3125.44
2016.00 3127.83
2017.00 3130.23
2018.00 3132.64
2019.00 3135.04
2020.00 3137.45
2021.00 3139.87
2022.00 3142.28
2023.00 3144.70
2024.00 3147.12
2025.00 3149.55
2026.00 3151.98
2027.00 3154.41
2028.00 3156.84
2029.00 3159.28
2030.00 3161.72
2031.00 3164.17
2032.00 3166.61
2033.00 3169.06
2034.00 3171.51
2035.00 3173.97
2036.00 3176.43
2037.00 3178.89
2038.00 3181.35
2039.00 3183.82
2040.00 3186.29
2041.00 3188.76
2042.00 3191.23
2043.00 3193.71
2044.00 3196.19
2045.00 3198.67
2046.00 3201.16
2047.00 3203.64
2048.00 3206.13
2049.00 3208.63
2050.00 3211.12
2051.00 3213.62
2052.00 3216.12
2053.00 3218.62
2054.00 3221.12
2055.00 3223.63
2056.00 3226.14
2057.00 3228.65
2058.00 3231.16
2059.00 3233.67
2060.00 3236.19
2061.00 3238.71
2062.00 3241.23
2063.00 3243.76
2064.00 3246.28
2065.00 3248.81
2066.00 3251.34
2067.00 3253.87
2068.00 3256.40
2069.00 3258.94
2070.00 3261.47
2071.00 3264.01
2072.00 3266.55
2073.00 3269.09
2074.00 3271.63
2075.00 3274.18
2076.00 3276.73
2077.00 3279.27
2078.00 3281.82
2079.00 3284.37
2080.00 3286.93
2081.00 3289.48
2082.00 3292.03
2083.00 3294.59
2084.00 3297.15
2085.00 3299.71
2086.00 3302.26
2087.00 3304.83
2088.00 3307.39
2089.00 3309.95
2090.00 3312.51
2091.00 3315.08
2092.00 3317.64
2093.00 3320.21
2094.00 3322.78
2095.00 3325.35
2096.00 3327.91
2097.00 3330.48
2098.00 3333.05
2099.00 3335.62
2100.00 3338.19
2101.00 3340.76
2102.00 3343.33
2103.00 3345.89
2104.00 3348.45
2105.00 3351.00
2106.00 3353.52
2107.00 3356.00
2108.00 3358.43
2109.00 3360.78
2110.00 3363.03
2111.00 3365.14
2112.00 3367.06
2113.00 3368.75
2114.00 3370.14
2115.00 3371.17
2116.00 3371.77
2117.00 3371.83
2118.00 3371.27
2119.00 3369.96
2120.00 3367.78
2121.00 3364.60
2122.00 3360.27
2123.00 3354.62
2124.00 3347.49
2125.00 3338.69
2126.00 3328.03
2127.00 3315.32
2128.00 3300.36
2129.00 3282.95
2130.00 3262.88
2131.00 3239.97
2132.00 3214.03
2133.00 3184.91
2134.00 3152.46
2135.00 3116.58
2136.00 3077.18
2137.00 3034.21
2138.00 2987.68
2139.00 2937.63
2140.00 2884.14
2141.00 2827.37
2142.00 2767.48
2143.00 2704.71
2144.00 2639.33
2145.00 2571.63
2146.00 2501.96
2147.00 2430.67
2148.00 2358.12
2149.00 2284.68
2150.00 2210.73
2151.00 2136.64
2152.00 2062.73
2153.00 1989.35
2154.00 1916.79
2155.00 1845.32
2156.00 1775.18
2157.00 1706.58
2158.00 1639.70
2159.00 1574.68
2160.00 1511.64
2161.00 1450.68
2162.00 1391.84
2163.00 1335.18
2164.00 1280.71
2165.00 1228.44
2166.00 1178.36
2167.00 1130.43
2168.00 1084.64
2169.00 1040.92
2170.00 999.23
2171.00 959.51
2172.00 921.70
2173.00 885.74
2174.00 851.55
2175.00 819.08
2176.00 788.25
2177.00 759.01
2178.00 731.27
2179.00 704.98
2180.00 680.08
2181.00 656.49
2182.00 634.16
2183.00 613.03
2184.00 593.04
2185.00 574.13
2186.00 556.26
2187.00 539.36
2188.00 523.39
2189.00 508.29
2190.00 494.03
2191.00 480.55
2192.00 467.81
2193.00 455.77
2194.00 444.38
2195.00 433.61
2196.00 423.41
2197.00 413.76
2198.00 404.61
2199.00 395.93
2200.00 387.69
2201.00 379.85
2202.00 372.40
2203.00 365.30
2204.00 358.52
2205.00 352.04
2206.00 345.84
2207.00 339.90
2208.00 334.19
2209.00 328.71
2210.00 323.42
2211.00 318.33
2212.00 313.41
2213.00 308.64
2214.00 304.03
2215.00 299.55
2216.00 295.21
2217.00 290.99
2218.00 286.88
2219.00 282.88
2220.00 278.98
2221.00 275.18
2222.00 271.47
2223.00 267.85
2224.00 264.32
2225.00 260.87
2226.00 257.50
2227.00 254.20
2228.00 250.98
2229.00 247.84
2230.00 244.77
2231.00 241.76
2232.00 238.83
2233.00 235.96
2234.00 233.16
2235.00 230.42
2236.00 227.74
2237.00 225.13
2238.00 222.57
2239.00 220.08
2240.00 217.64
2241.00 215.25
2242.00 212.92
2243.00 210.65
2244.00 208.42
2245.00 206.25
2246.00 204.13
2247.00 202.05
2248.00 200.02
2249.00 198.03
2250.00 196.09
2251.00 194.19
2252.00 192.34
2253.00 190.52
2254.00 188.74
2255.00 187.00
2256.00 185.30
2257.00 183.63
2258.00 181.99
2259.00 180.39
2260.00 178.82
2261.00 177.29
2262.00 175.78
2263.00 174.30
2264.00 172.85
2265.00 171.43
2266.00 170.03
2267.00 168.66
2268.00 167.31
2269.00 165.99
2270.00 164.70
2271.00 163.42
2272.00 162.17
2273.00 160.94
2274.00 159.73
2275.00 158.54
2276.00 157.36
2277.00 156.21
2278.00 155.08
2279.00 153.96
2280.00 152.87
2281.00 151.79
2282.00 150.72
2283.00 149.68
2284.00 148.64
2285.00 147.63
2286.00 146.62
2287.00 145.64
2288.00 144.66
2289.00 143.71
2290.00 142.76
2291.00 141.83
2292.00 140.91
2293.00 140.00
2294.00 139.10
2295.00 138.22
2296.00 137.35
2297.00 136.49
2298.00 135.64
2299.00 134.80
2300.00 133.98
2301.00 133.16
2302.00 132.35
2303.00 131.56
2304.00 130.77
2305.00 129.99
2306.00 129.22
2307.00 128.46
2308.00 127.71
2309.00 126.97
2310.00 126.24
2311.00 125.51
2312.00 124.80
2313.00 124.09
2314.00 123.39
2315.00 122.70
2316.00 122.01
2317.00 121.34
2318.00 120.67
2319.00 120.00
2320.00 119.35
2321.00 118.70
2322.00 118.06
2323.00 117.42
2324.00 116.79
2325.00 116.17
2326.00 115.56
2327.00 114.95
2328.00 114.34
2329.00 113.75
2330.00 113.15
2331.00 112.57
2332.00 111.99
2333.00 111.41
2334.00 110.84
2335.00 110.28
2336.00 109.72
2337.00 109.17
2338.00 108.62
2339.00 108.08
2340.00 107.54
2341.00 107.01
2342.00 106.48
2343.00 105.95
2344.00 105.44
2345.00 104.92
2346.00 104.41
2347.00 103.91
2348.00 103.41
2349.00 102.91
2350.00 102.42
2351.00 101.93
2352.00 101.44
2353.00 100.96
2354.00 100.49
2355.00 100.01
2356.00 99.55
2357.00 99.08
2358.00 98.62
2359.00 98.16
2360.00 97.71
2361.00 97.26
2362.00 96.81
2363.00 96.37
2364.00 95.93
2365.00 95.49
2366.00 95.06
2367.00 94.63
2368.00 94.20
2369.00 93.78
2370.00 93.36
2371.00 92.94
2372.00 92.53
2373.00 92.12
2374.00 91.71
2375.00 91.31
2376.00 90.90
2377.00 90.51
2378.00 90.11
2379.00 89.71
2380.00 89.32
2381.00 88.94
2382.00 88.55
2383.00 88.17
2384.00 87.79
2385.00 87.41
2386.00 87.03
2387.00 86.66
2388.00 86.29
2389.00 85.92
2390.00 85.56
2391.00 85.19
2392.00 84.83
2393.00 84.47
2394.00 84.12
2395.00 83.76
2396.00 83.41
2397.00 83.06
2398.00 82.71
2399.00 82.37
2400.00 82.02
2401.00 81.68
2402.00 81.34
2403.00 81.01
2404.00 80.67
2405.00 80.34
2406.00 80.00
2407.00 79.67
2408.00 79.35
2409.00 79.02
2410.00 78.70
2411.00 78.37
2412.00 78.05
2413.00 77.74
2414.00 77.42
2415.00 77.10
2416.00 76.79
2417.00 76.48
2418.00 76.17
2419.00 75.86
2420.00 75.55
2421.00 75.24
2422.00 74.94
2423.00 74.64
2424.00 74.34
2425.00 74.04
2426.00 73.74
2427.00 73.44
2428.00 73.15
2429.00 72.85
2430.00 72.56
2431.00 72.27
2432.00 71.98
2433.00 71.69
2434.00 71.40
2435.00 71.12
2436.00 70.83
2437.00 70.55
2438.00 70.27
2439.00 69.99
2440.00 69.71
2441.00 69.43
2442.00 69.15
2443.00 68.88
2444.00 68.60
2445.00 68.33
2446.00 68.05
2447.00 67.78
2448.00 67.51
2449.00 67.24
2450.00 66.97
2451.00 66.71
2452.00 66.44
2453.00 66.17
2454.00 65.91
2455.00 7.12
2456.00 10.37
2457.00 24.57
2458.00 28.47
2459.00 28.02
2460.00 28.04
2461.00 27.98
2462.00 27.94
2463.00 27.89
2464.00 27.84
2465.00 27.79
2466.00 27.75
2467.00 27.70
2468.00 27.65
2469.00 27.60
2470.00 27.56
2471.00 27.51
2472.00 27.46
2473.00 27.41
2474.00 27.37
2475.00 27.32
2476.00 27.27
2477.00 27.23
2478.00 27.18
2479.00 27.13
2480.00 27.08
2481.00 27.04
2482.00 26.99
2483.00 26.94
2484.00 26.90
2485.00 26.85
2486.00 26.80
2487.00 26.76
2488.00 26.71
2489.00 26.67
2490.00 26.62
2491.00 26.57
2492.00 26.53
2493.00 26.48
2494.00 26.43
2495.00 26.39
2496.00 26.34
2497.00 26.30
2498.00 26.25
2499.00 26.20
2500.00 26.16
2501.00 26.11
2502.00 26.07
2503.00 26.02
2504.00 25.97
2505.00 25.93
2506.00 25.88
2507.00 25.84
2508.00 25.79
2509.00 25.75
2510.00 25.70
2511.00 25.66
2512.00 25.61
2513.00 25.56
2514.00 25.52
2515.00 25.47
2516.00 25.43
2517.00 25.38
2518.00 25.34
2519.00 25.29
2520.00 25.25
2521.00 25.20
2522.00 25.16
2523.00 25.11
2524.00 25.07
2525.00 25.02
2526.00 24.98
2527.00 24.93
2528.00 24.89
2529.00 24.84
2530.00 24.80
2531.00 24.75
2532.00 24.71
2533.00 24.66
2534.00 24.62
2535.00 24.57
2536.00 24.53
2537.00 24.48
2538.00 24.44
2539.00 24.39
2540.00 24.35
2541.00 24.30
2542.00 24.26
2543.00 24.21
2544.00 24.17
2545.00 24.12
2546.00 24.08
2547.00 24.03
2548.00 23.99
2549.00 23.94
2550.00 23.90
2551.00 23.85
2552.00 23.81
2553.00 23.76
2554.00 23.72
2555.00 23.67
2556.00 23.63
2557.00 23.58
2558.00 23.54
2559.00 23.49
2560.00 23.45
2561.00 23.40
2562.00 23.36
2563.00 23.31
2564.00 23.27
2565.00 23.22
2566.00 23.18
2567.00 23.13
2568.00 23.09
2569.00 23.04
2570.00 23.00
2571.00 22.95
2572.00 22.91
2573.00 22.86
2574.00 22.82
2575.00 22.77
2576.00 22.72
2577.00 22.68
2578.00 22.63
2579.00 22.59
2580.00 22.54
2581.00 22.50
2582.00 22.45
2583.00 22.40
2584.00 22.36
2585.00 22.31
2586.00 22.27
2587.00 22.22
2588.00 22.17
2589.00 22.13
2590.00 22.08
2591.00 22.03
2592.00 21.99
2593.00 21.94
2594.00 21.89
2595.00 21.85
2596.00 21.80
2597.00 21.75
2598.00 21.71
2599.00 21.66
2600.00 21.61
2601.00 21.56
2602.00 21.52
2603.00 21.47
2604.00 21.42
2605.00 21.37
2606.00 21.33
2607.00 21.28
2608.00 21.23
2609.00 21.18
2610.00 21.13
2611.00 21.08
2612.00 21.03
2613.00 20.98
2614.00 20.93
2615.00 20.89
2616.00 20.84
2617.00 20.79
2618.00 20.73
2619.00 20.68
2620.00 20.63
2621.00 20.58
2622.00 20.53
2623.00 20.48
2624.00 20.43
2625.00 20.38
2626.00 20.32
2627.00 20.27
2628.00 20.22
2629.00 20.16
2630.00 20.11
2631.00 20.06
2632.00 20.00
2633.00 19.95
2634.00 19.89
2635.00 19.84
2636.00 19.78
2637.00 19.72
2638.00 19.67
2639.00 19.61
2640.00 19.55
2641.00 19.49
2642.00 19.43
2643.00 19.37
2644.00 19.31
2645.00 19.25
2646.00 19.18
2647.00 19.12
2648.00 19.06
2649.00 18.99
2650.00 18.92
2651.00 18.85
2652.00 18.79
2653.00 18.71
2654.00 18.64
2655.00 18.57
2656.00 18.49
2657.00 18.41
2658.00 18.33
2659.00 18.25
2660.00 18.16
2661.00 18.07
2662.00 17.97
2663.00 17.87
2664.00 17.77
2665.00 17.65
2666.00 17.52
2667.00 17.37
2668.00 17.20
