0.22 4059.02
0.44 4059.33
0.66 4059.63
0.88 4059.94
1.10 4060.24
1.32 4060.55
1.54 4060.85
1.76 4061.15
1.98 4061.45
2.20 4061.75
2.42 4062.05
2.64 4062.35
2.86 4062.65
3.08 4062.95
3.30 4063.23
3.52 4063.51
3.74 4063.79
3.96 4064.07
4.18 4064.36
4.40 4064.65
4.62 4064.95
4.84 4065.24
5.06 4065.53
5.28 4065.83
5.50 4066.12
5.72 4066.41
5.94 4066.70
6.16 4066.99
6.38 4067.28
6.60 4067.57
6.82 4067.86
7.04 4068.15
7.26 4068.44
7.48 4068.73
7.70 4069.02
7.92 4069.30
8.14 4069.59
8.36 4069.87
8.58 4070.16
8.80 4070.44
9.02 4070.73
9.24 4071.01
9.46 4071.29
9.68 4071.57
9.90 4071.85
10.12 4072.13
10.34 4072.41
10.56 4072.69
10.78 4072.97
11.00 4073.25
11.22 4073.53
11.44 4073.80
11.66 4074.08
11.88 4074.36
12.10 4074.63
12.32 4074.90
12.52 4075.18
12.75 4075.46
12.98 4075.75
13.22 4076.05
13.44 4076.32
13.69 4076.63
13.89 4076.87
14.11 4077.14
14.34 4077.42
14.58 4077.72
14.84 4078.04
15.12 4078.37
15.40 4078.72
15.70 4079.08
15.90 4079.32
16.10 4079.56
16.30 4079.80
16.50 4080.04
16.70 4080.28
16.90 4080.52
17.10 4080.76
17.30 4080.99
17.50 4081.23
17.70 4081.47
17.90 4081.70
18.10 4081.94
18.30 4082.17
18.50 4082.41
18.70 4082.64
18.90 4082.88
19.10 4083.11
19.30 4083.34
19.50 4083.57
19.70 4083.80
19.90 4084.03
20.10 4084.27
20.30 4084.49
20.50 4084.72
20.70 4084.95
20.90 4085.18
21.10 4085.41
21.30 4085.64
21.50 4085.86
21.70 4086.09
21.90 4086.32
22.10 4086.54
22.30 4086.77
22.50 4086.99
22.70 4087.21
22.90 4087.44
23.10 4087.66
23.30 4087.88
23.50 4088.10
23.70 4088.32
23.90 4088.54
24.10 4088.76
24.30 4088.98
24.50 4089.20
24.70 4089.42
24.90 4089.64
25.10 4089.86
25.30 4090.07
25.50 4090.29
25.70 4090.51
25.90 4090.72
26.10 4090.94
26.30 4091.15
26.50 4091.36
26.70 4091.58
26.90 4091.79
27.10 4092.00
27.30 4092.21
27.50 4092.42
27.70 4092.63
27.90 4092.84
28.10 4093.05
28.30 4093.26
28.50 4093.47
28.70 4093.68
28.90 4093.89
29.10 4094.09
29.30 4094.30
29.50 4094.51
29.70 4094.71
29.90 4094.92
30.10 4095.12
30.30 4095.32
30.50 4095.53
30.70 4095.73
30.90 4095.93
31.10 4096.13
31.30 4096.33
31.50 4096.53
31.70 4096.73
31.90 4096.93
32.10 4097.13
32.30 4097.33
32.50 4097.53
32.70 4097.72
32.90 4097.92
33.10 4098.12
33.30 4098.31
33.50 4098.51
33.70 4098.70
33.90 4098.90
34.10 4099.09
34.30 4099.28
34.50 4099.47
34.70 4099.67
34.90 4099.86
35.10 4100.05
35.30 4100.24
35.50 4100.43
35.70 4100.62
35.90 4100.80
36.10 4100.99
36.30 4101.18
36.50 4101.37
36.70 4101.55
36.90 4101.74
37.10 4101.92
37.30 4102.11
37.50 4102.29
37.70 4102.47
37.90 4102.66
38.10 4102.84
38.30 4103.02
38.50 4103.20
38.70 4103.38
38.90 4103.56
39.10 4103.74
39.30 4103.92
39.50 4104.10
39.70 4104.28
39.90 4104.45
40.10 4104.63
40.30 4104.81
40.50 4104.98
40.70 4105.16
40.90 4105.33
41.10 4105.51
41.30 4105.68
41.50 4105.85
41.70 4106.02
41.90 4106.20
42.10 4106.37
42.30 4106.54
42.50 4106.71
42.70 4106.88
42.90 4107.05
43.10 4107.21
43.30 4107.38
43.50 4107.55
43.70 4107.71
43.90 4107.88
44.10 4108.05
44.30 4108.21
44.50 4108.37
44.70 4108.54
44.90 4108.70
45.10 4108.86
45.30 4109.03
45.50 4109.19
45.70 4109.35
45.90 4109.51
46.10 4109.67
46.30 4109.83
46.50 4109.99
46.70 4110.14
46.90 4110.30
47.10 4110.46
47.30 4110.61
47.50 4110.77
47.70 4110.92
47.90 4111.08
48.10 4111.23
48.30 4111.39
48.50 4111.54
48.70 4111.69
48.90 4111.84
49.10 4111.99
49.30 4112.14
49.50 4112.29
49.70 4112.44
49.90 4112.59
50.10 4112.74
50.30 4112.89
50.50 4113.03
50.70 4113.18
50.90 4113.33
51.10 4113.47
51.30 4113.62
51.50 4113.76
51.70 4113.90
51.90 4114.05
52.10 4114.19
52.30 4114.33
52.50 4114.47
52.70 4114.61
52.90 4114.75
53.10 4114.89
53.30 4115.03
53.50 4115.17
53.70 4115.30
53.90 4115.44
54.10 4115.58
54.30 4115.71
54.50 4115.85
54.70 4115.98
54.90 4116.12
55.10 4116.25
55.30 4116.38
55.50 4116.52
55.70 4116.65
55.90 4116.78
56.10 4116.91
56.30 4117.04
56.50 4117.17
56.70 4117.30
56.90 4117.42
57.10 4117.55
57.30 4117.68
57.50 4117.80
57.70 4117.93
57.90 4118.06
58.10 4118.18
58.30 4118.30
58.50 4118.43
58.70 4118.55
58.90 4118.67
59.10 4118.79
59.30 4118.91
59.50 4119.03
59.70 4119.15
59.90 4119.27
60.10 4119.39
60.30 4119.51
60.50 4119.63
60.70 4119.74
60.90 4119.86
61.10 4119.97
61.30 4120.09
61.50 4120.20
61.70 4120.32
61.90 4120.43
62.10 4120.54
62.30 4120.65
62.50 4120.77
62.70 4120.88
62.90 4120.99
63.10 4121.10
63.30 4121.20
63.50 4121.31
63.70 4121.42
63.90 4121.53
64.10 4121.63
64.30 4121.74
64.50 4121.84
64.70 4121.95
64.90 4122.05
65.10 4122.16
65.30 4122.26
65.50 4122.36
65.70 4122.46
65.90 4122.56
66.10 4122.66
66.30 4122.76
66.50 4122.86
66.70 4122.96
66.90 4123.06
67.10 4123.16
67.30 4123.25
67.50 4123.35
67.70 4123.44
67.90 4123.54
68.10 4123.63
68.30 4123.73
68.50 4123.82
68.70 4123.91
68.90 4124.00
69.10 4124.10
69.30 4124.19
69.50 4124.28
69.70 4124.37
69.90 4124.45
70.10 4124.54
70.30 4124.63
70.50 4124.72
70.70 4124.80
70.90 4124.89
71.10 4124.97
71.30 4125.06
71.50 4125.14
71.70 4125.22
71.90 4125.31
72.10 4125.39
72.30 4125.47
72.50 4125.55
72.70 4125.63
72.90 4125.71
73.10 4125.79
73.30 4125.87
73.50 4125.95
73.70 4126.02
73.90 4126.10
74.10 4126.17
74.30 4126.25
74.50 4126.32
74.70 4126.40
74.90 4126.47
75.10 4126.54
75.30 4126.62
75.50 4126.69
75.79 4126.79
76.07 4126.89
76.33 4126.98
76.58 4127.06
76.81 4127.14
77.03 4127.21
77.24 4127.28
77.49 4127.36
77.71 4127.43
77.96 4127.51
78.16 4127.58
78.38 4127.65
78.59 4127.70
78.81 4127.77
79.03 4127.84
79.25 4127.90
79.47 4127.97
79.69 4128.03
79.91 4128.10
80.11 4128.16
80.33 4128.22
80.56 4128.28
80.77 4128.34
81.00 4128.41
81.26 4128.48
81.47 4128.53
81.70 4128.59
81.94 4128.65
82.20 4128.72
82.47 4128.78
82.75 4128.85
83.05 4128.93
83.25 4128.97
83.45 4129.02
83.65 4129.07
83.85 4129.11
84.05 4129.16
84.25 4129.20
84.45 4129.24
84.65 4129.29
84.85 4129.33
85.05 4129.37
85.25 4129.41
85.45 4129.45
85.65 4129.49
85.85 4129.53
86.05 4129.57
86.25 4129.61
86.55 4129.66
86.83 4129.71
87.10 4129.76
87.35 4129.80
87.59 4129.84
87.82 4129.88
88.03 4129.92
88.29 4129.96
88.52 4129.99
88.73 4130.02
88.95 4130.06
89.17 4130.09
89.39 4130.11
89.61 4130.14
89.83 4130.17
90.05 4130.20
90.27 4130.23
90.49 4130.26
90.71 4130.28
90.93 4130.31
91.15 4130.33
91.37 4130.36
91.59 4130.38
91.81 4130.40
92.03 4130.43
92.25 4130.45
92.47 4130.47
92.69 4130.49
92.91 4130.50
93.13 4130.52
93.35 4130.54
93.57 4130.56
93.79 4130.57
94.01 4130.59
94.23 4130.60
94.45 4130.61
94.67 4130.63
94.89 4130.64
95.11 4130.65
95.33 4130.66
95.55 4130.67
95.77 4130.68
95.99 4130.69
96.21 4130.69
96.43 4130.70
96.65 4130.70
96.87 4130.71
97.09 4130.71
97.31 4130.72
97.53 4130.72
97.75 4130.72
97.97 4130.72
98.19 4130.72
98.41 4130.72
98.63 4130.72
98.85 4130.72
99.07 4130.72
99.29 4130.71
99.51 4130.71
99.73 4130.70
99.95 4130.70
100.17 4130.69
100.39 4130.68
100.61 4130.68
100.83 4130.67
101.05 4130.66
101.27 4130.65
101.49 4130.64
101.71 4130.62
101.93 4130.61
102.15 4130.60
102.37 4130.58
102.59 4130.57
102.81 4130.55
103.03 4130.54
103.25 4130.52
103.47 4130.50
103.69 4130.48
103.91 4130.46
104.13 4130.44
104.35 4130.42
104.57 4130.40
104.79 4130.38
105.01 4130.35
105.23 4130.33
105.45 4130.30
105.67 4130.28
105.89 4130.25
106.11 4130.22
106.33 4127.70
106.55 4124.62
106.77 4121.53
106.99 4118.44
107.21 4115.35
107.43 4112.25
107.65 4109.15
107.87 4106.05
108.09 4102.94
108.31 4099.83
108.53 4096.71
108.75 4093.59
108.97 4090.47
109.19 4087.34
109.41 4084.20
109.63 4081.07
109.85 4077.93
110.07 4074.78
110.29 4071.64
110.51 4068.48
110.73 4065.33
110.95 4062.17
111.17 4059.00
111.39 4055.84
111.61 4052.66
111.83 4049.49
112.05 4046.31
112.27 4043.12
112.49 4039.94
112.71 4036.75
112.93 4033.55
113.15 4030.35
113.37 4027.15
113.59 4023.94
113.81 4020.73
114.03 4017.51
114.25 4014.29
114.47 4011.07
114.69 4007.84
114.91 4004.61
115.13 4001.37
115.35 3998.13
115.57 3994.89
115.79 3991.64
116.01 3988.39
116.23 3985.13
116.45 3981.87
116.67 3978.61
116.89 3975.34
117.11 3972.07
117.33 3968.79
117.55 3965.51
117.77 3962.23
117.99 3958.94
118.21 3955.65
118.43 3952.35
118.65 3949.05
118.87 3945.75
119.09 3942.44
119.31 3939.13
119.53 3935.81
119.75 3932.49
119.97 3929.16
120.19 3925.83
120.41 3922.50
120.63 3919.16
120.85 3915.82
121.07 3912.48
121.29 3909.13
121.51 3905.77
121.73 3902.41
121.95 3899.05
122.17 3895.68
122.39 3892.31
122.61 3888.94
122.83 3885.56
123.05 3882.18
123.27 3878.79
123.49 3875.40
123.71 3872.00
123.93 3868.60
124.15 3865.20
124.37 3861.79
124.59 3858.38
124.81 3854.96
125.03 3851.54
125.25 3848.11
125.47 3844.68
125.69 3841.25
125.91 3837.81
126.13 3834.37
126.35 3830.92
126.57 3827.47
126.79 3824.02
127.01 3820.56
127.23 3817.10
127.45 3813.63
127.67 3810.16
127.89 3806.68
128.11 3803.20
128.33 3799.72
128.55 3796.23
128.77 3792.73
128.99 3789.24
129.21 3785.73
129.43 3782.23
129.65 3778.72
129.87 3775.20
130.09 3771.68
130.31 3768.16
130.53 3764.63
130.75 3761.10
130.97 3757.56
131.19 3754.02
131.41 3750.48
131.63 3746.93
131.85 3743.37
132.07 3739.81
132.29 3736.25
132.51 3732.69
132.73 3729.11
132.95 3725.54
133.17 3721.96
133.39 3718.37
133.61 3714.78
133.83 3711.19
134.05 3707.59
134.27 3703.99
134.49 3700.38
134.71 3696.77
134.93 3693.16
135.15 3689.54
135.37 3685.91
135.59 3682.28
135.81 3678.65
136.03 3675.01
136.25 3671.37
136.47 3667.72
136.69 3664.07
136.91 3660.42
137.13 3656.76
137.35 3653.09
137.57 3649.43
137.79 3645.75
138.01 3642.07
138.23 3638.39
138.45 3634.70
138.67 3631.01
138.89 3627.32
139.11 3623.62
139.33 3619.91
139.55 3616.20
139.77 3612.49
139.99 3608.77
140.21 3605.05
140.43 3601.32
140.65 3597.59
140.87 3593.85
141.09 3590.11
141.31 3586.36
141.53 3582.61
141.75 3578.86
141.97 3575.10
142.19 3571.33
142.41 3567.56
142.63 3563.79
142.85 3560.01
143.07 3556.23
143.29 3552.44
143.51 3548.65
143.73 3544.85
143.95 3541.05
144.17 3537.25
144.39 3533.44
144.61 3529.62
144.83 3525.80
145.05 3521.98
145.27 3518.15
145.49 3514.31
145.71 3510.48
145.93 3506.63
146.15 3502.78
146.37 3498.93
146.59 3495.07
146.81 3491.21
147.03 3487.35
147.25 3483.48
147.47 3479.60
147.69 3475.72
147.91 3471.83
148.13 3467.94
148.35 3464.05
148.57 3460.15
148.79 3456.24
149.01 3452.33
149.23 3448.42
149.45 3444.50
149.67 3440.58
149.89 3436.65
150.11 3432.71
150.33 3428.78
150.55 3424.83
150.77 3420.89
150.99 3416.93
151.21 3412.98
151.43 3409.01
151.65 3405.05
151.87 3401.07
152.09 3397.10
152.31 3393.12
152.53 3389.13
152.75 3385.14
152.97 3381.14
153.19 3377.14
153.41 3373.14
153.63 3369.13
153.85 3365.11
154.07 3361.09
154.29 3357.06
154.51 3353.03
154.73 3349.00
154.95 3344.96
155.17 3340.92
155.39 3336.87
155.61 3332.81
155.83 3328.75
156.05 3324.69
156.27 3320.62
156.49 3316.55
156.71 3312.47
156.93 3308.38
157.15 3304.30
157.37 3300.20
157.59 3296.10
157.81 3292.00
158.03 3287.89
158.25 3283.78
158.47 3279.66
158.69 3275.54
158.91 3271.41
159.13 3267.28
159.35 3263.14
159.57 3258.99
159.79 3254.85
160.01 3250.69
160.23 3246.54
160.45 3242.37
160.67 3238.21
160.89 3234.03
161.11 3229.86
161.33 3225.67
161.55 3221.49
161.77 3217.29
161.99 3213.10
162.21 3208.89
162.43 3204.69
162.65 3200.47
162.87 3196.26
163.09 3192.03
163.31 3187.81
163.53 3183.57
163.75 3179.34
163.97 3175.09
164.19 3170.85
164.41 3166.59
164.63 3162.34
164.85 3158.08
165.07 3153.81
165.29 3149.54
165.51 3145.26
165.73 3140.98
165.95 3136.69
166.17 3132.40
166.39 3128.10
166.61 3123.80
166.83 3119.49
167.05 3115.18
167.27 3110.86
167.49 3106.54
167.71 3102.21
167.93 3097.88
168.15 3093.54
168.37 3089.20
168.59 3084.85
168.81 3080.50
169.03 3076.14
169.25 3071.78
169.47 3067.41
169.69 3063.04
169.91 3058.66
170.13 3054.28
170.35 3049.89
170.57 3045.50
170.79 3041.10
171.01 3036.70
171.23 3032.29
171.45 3027.88
171.67 3023.46
171.89 3019.04
172.11 3014.61
172.33 3010.18
172.55 3005.75
172.77 3001.30
172.99 2996.86
173.21 2992.41
173.43 2987.95
173.65 2983.49
173.87 2979.03
174.09 2974.56
174.31 2970.08
174.53 2965.60
174.75 2961.12
174.97 2956.63
175.19 2952.14
175.41 2947.64
175.63 2943.14
175.85 2938.63
176.07 2934.12
176.29 2929.60
176.51 2925.08
176.73 2920.56
176.95 2916.03
177.17 2911.49
177.39 2906.96
177.61 2902.41
177.83 2897.87
178.05 2893.32
178.27 2888.76
178.49 2884.21
178.71 2879.65
178.93 2875.08
179.15 2870.52
179.37 2865.94
179.59 2861.37
179.81 2856.80
180.03 2852.22
180.25 2847.64
180.47 2843.05
180.69 2838.47
180.91 2833.89
181.13 2830.12
181.35 2830.02
181.57 2829.92
181.79 2829.82
182.01 2829.71
182.23 2829.60
182.45 2829.50
182.67 2829.40
182.89 2829.29
183.11 2829.19
183.33 2829.08
183.55 2828.98
183.77 2828.87
183.99 2828.77
184.21 2828.66
184.43 2828.56
184.65 2828.46
184.87 2828.36
185.09 2828.25
185.31 2828.15
185.53 2828.05
185.75 2827.95
185.97 2827.85
186.19 2827.75
186.41 2827.64
186.63 2827.54
186.85 2827.44
187.07 2827.34
187.29 2827.23
187.51 2827.13
187.73 2827.03
187.95 2826.93
188.17 2826.83
188.39 2826.72
188.61 2826.62
188.83 2826.52
189.05 2826.41
189.27 2826.31
189.49 2826.21
189.71 2826.10
189.93 2826.00
190.15 2825.90
190.37 2825.80
190.59 2825.70
190.81 2825.60
191.03 2825.49
191.25 2825.39
191.47 2825.29
191.69 2825.19
191.91 2825.09
192.13 2824.99
192.35 2824.89
192.57 2824.78
192.79 2824.68
193.01 2824.58
193.23 2824.48
193.45 2824.38
193.67 2824.28
193.89 2824.18
194.11 2824.08
194.33 2823.98
194.55 2823.88
194.77 2823.78
194.99 2823.67
195.21 2823.57
195.43 2823.47
195.65 2823.37
195.87 2823.27
196.09 2823.17
196.31 2823.07
196.53 2822.97
196.75 2822.87
196.97 2822.77
197.19 2822.67
197.41 2822.57
197.63 2822.47
197.85 2822.36
198.07 2822.26
198.29 2822.16
198.51 2822.06
198.73 2821.96
198.95 2821.86
199.17 2821.76
199.39 2821.66
199.61 2821.56
199.83 2821.46
200.05 2821.36
200.27 2821.26
200.49 2821.16
200.71 2821.06
200.93 2820.96
201.15 2820.86
201.37 2820.75
201.57 2820.66
201.78 2820.56
202.03 2820.45
202.26 2820.35
202.52 2820.23
202.73 2820.14
202.95 2820.04
203.19 2819.93
203.44 2819.81
203.70 2819.69
203.98 2819.57
204.28 2819.43
204.48 2819.34
204.68 2819.25
204.88 2819.16
205.08 2819.07
205.28 2818.98
205.48 2818.89
205.68 2818.80
205.88 2818.71
206.08 2818.62
206.28 2818.53
206.48 2818.44
206.68 2818.35
206.88 2818.26
207.08 2818.17
207.28 2818.08
207.48 2817.99
207.68 2817.90
207.88 2817.81
208.08 2817.72
208.28 2817.63
208.48 2817.54
208.68 2817.46
208.88 2817.37
209.08 2817.28
209.28 2817.19
209.48 2817.10
209.68 2817.01
209.88 2816.92
210.08 2816.83
210.28 2816.74
210.48 2816.65
210.68 2816.56
210.88 2816.47
211.08 2816.38
211.28 2816.29
211.48 2816.20
211.68 2816.11
211.88 2816.03
212.08 2815.94
212.28 2815.85
212.48 2815.76
212.68 2815.67
212.88 2815.58
213.08 2815.49
213.28 2815.40
213.48 2815.31
213.68 2815.22
213.88 2815.14
214.08 2815.05
214.28 2814.96
214.48 2814.87
214.68 2814.78
214.88 2814.69
215.08 2814.60
215.28 2814.52
215.48 2814.43
215.68 2814.34
215.88 2814.25
216.08 2814.16
216.28 2814.07
216.48 2813.98
216.68 2813.90
216.88 2813.81
217.08 2813.72
217.28 2813.63
217.48 2813.54
217.68 2813.46
217.88 2813.37
218.08 2813.28
218.28 2813.19
218.48 2813.10
218.68 2813.01
218.88 2812.93
219.08 2812.84
219.28 2812.75
219.48 2812.66
219.68 2812.58
219.88 2812.49
220.08 2812.40
220.28 2812.31
220.48 2812.22
220.68 2812.14
220.88 2812.05
221.08 2811.96
221.28 2811.87
221.48 2811.79
221.68 2811.70
221.88 2811.61
222.08 2811.52
222.28 2811.44
222.48 2811.35
222.68 2811.26
222.88 2811.17
223.08 2811.09
223.28 2811.00
223.48 2810.91
223.68 2810.83
223.88 2810.74
224.08 2810.65
224.28 2810.56
224.48 2810.48
224.68 2810.39
224.88 2810.30
225.08 2810.22
225.28 2810.13
225.48 2810.04
225.68 2809.96
225.88 2809.87
226.08 2809.78
226.28 2809.69
226.48 2809.61
226.68 2809.52
226.88 2809.43
227.08 2809.35
227.28 2809.26
227.48 2809.18
227.68 2809.09
227.88 2809.00
228.08 2808.92
228.28 2808.83
228.48 2808.74
228.68 2808.66
228.88 2808.57
229.08 2808.48
229.28 2808.40
229.48 2808.31
229.68 2808.23
229.88 2808.14
230.08 2808.05
230.28 2807.97
230.48 2807.88
230.68 2807.80
230.88 2807.71
231.08 2807.62
231.28 2807.54
231.48 2807.45
231.68 2807.37
231.88 2807.28
232.08 2807.19
232.28 2807.11
232.48 2807.02
232.68 2806.94
232.88 2806.85
233.08 2806.77
233.28 2806.68
233.48 2806.59
233.68 2806.51
233.88 2806.42
234.08 2806.34
234.28 2806.25
234.48 2806.17
234.68 2806.08
234.88 2806.00
235.08 2805.91
235.28 2805.83
235.48 2805.74
235.68 2805.66
235.88 2805.57
236.08 2805.49
236.28 2805.40
236.48 2805.32
236.68 2805.23
236.88 2805.15
237.08 2805.06
237.28 2804.98
237.48 2804.89
237.68 2804.81
237.88 2804.72
238.08 2804.64
238.28 2804.55
238.48 2804.47
238.68 2804.38
238.88 2804.30
239.08 2804.21
239.28 2804.13
239.48 2804.05
239.68 2803.96
239.88 2803.88
240.08 2803.79
240.28 2803.71
240.48 2803.62
240.68 2803.54
240.88 2803.45
241.08 2803.37
241.28 2803.29
241.48 2803.20
241.68 2803.12
241.88 2803.03
242.08 2802.95
242.29 2802.86
242.51 2802.77
242.74 2802.67
242.97 2802.57
243.22 2802.47
243.47 2802.37
243.73 2802.26
243.99 2802.15
244.27 2802.03
244.55 2801.92
244.84 2801.79
245.14 2801.67
245.45 2801.54
245.76 2801.41
246.08 2801.28
246.41 2801.14
246.75 2801.00
247.10 2800.85
247.45 2800.71
247.82 2800.55
248.19 2800.40
248.57 2800.24
248.95 2800.08
249.35 2799.92
249.75 2799.76
250.15 2799.59
250.55 2799.42
250.95 2799.26
251.35 2799.09
251.75 2798.93
252.15 2798.77
252.55 2798.60
252.95 2798.44
253.35 2798.27
253.75 2798.11
254.15 2797.95
254.55 2797.78
254.95 2797.62
255.35 2797.45
255.75 2797.29
256.15 2797.13
256.55 2796.97
256.95 2796.80
257.35 2796.64
257.75 2796.48
258.15 2796.32
258.55 2796.15
258.95 2795.99
259.35 2795.83
259.75 2795.67
260.15 2795.51
260.55 2795.34
260.95 2795.18
261.35 2795.02
261.75 2794.86
262.15 2794.70
262.55 2794.54
262.95 2794.38
263.35 2794.22
263.75 2794.06
264.15 2793.90
264.55 2793.74
264.95 2793.58
265.35 2793.42
265.75 2793.26
266.15 2793.10
266.55 2792.94
266.95 2792.78
267.35 2792.62
267.75 2792.46
268.15 2792.30
268.55 2792.15
268.95 2791.99
269.35 2791.83
269.75 2791.67
270.15 2791.51
270.55 2791.36
270.95 2791.20
271.35 2791.04
271.75 2790.88
272.15 2790.73
272.55 2790.57
272.95 2790.41
273.35 2790.26
273.75 2790.10
274.15 2789.94
274.55 2789.79
274.95 2789.63
275.35 2789.47
275.75 2789.32
276.15 2789.16
276.55 2789.01
276.95 2788.85
277.35 2788.70
277.75 2788.54
278.15 2788.39
278.55 2788.23
278.95 2788.08
279.35 2787.92
279.75 2787.77
280.15 2787.61
280.55 2787.46
280.95 2787.31
281.35 2787.15
281.75 2787.00
282.15 2786.85
282.55 2786.69
282.95 2786.54
283.35 2786.39
283.75 2786.23
284.15 2786.08
284.55 2785.93
284.95 2785.78
285.35 2785.62
285.75 2785.47
286.15 2785.32
286.55 2785.17
286.95 2785.02
287.35 2784.87
287.75 2784.72
288.15 2784.56
288.55 2784.41
288.95 2784.26
289.35 2784.11
289.75 2783.96
290.15 2783.81
290.55 2783.66
290.95 2783.51
291.35 2783.36
291.75 2783.21
292.15 2783.06
292.55 2782.91
292.95 2782.76
293.35 2782.61
293.75 2782.47
294.15 2782.32
294.55 2782.17
294.95 2782.02
295.35 2781.87
295.75 2781.72
296.15 2781.58
296.55 2781.43
296.95 2781.28
297.35 2781.13
297.75 2780.99
298.15 2780.84
298.55 2780.69
298.95 2780.55
299.35 2780.40
299.75 2780.25
300.15 2780.11
300.55 2779.96
300.95 2779.81
301.35 2779.67
301.75 2779.52
302.15 2779.38
302.55 2779.23
302.95 2779.09
303.35 2778.94
303.75 2778.80
304.15 2778.65
304.55 2778.51
304.95 2778.36
305.35 2778.22
305.75 2778.07
306.15 2777.93
306.55 2777.79
306.95 2777.64
307.35 2777.50
307.75 2777.36
308.15 2777.21
308.55 2777.07
308.95 2776.93
309.35 2776.78
309.75 2776.64
310.15 2776.50
310.55 2776.36
310.95 2776.22
311.35 2776.07
311.75 2775.93
312.15 2775.79
312.55 2775.65
312.95 2775.51
313.35 2775.37
313.75 2775.23
314.15 2775.08
314.55 2774.94
314.95 2774.80
315.35 2774.66
315.75 2774.52
316.15 2774.38
316.55 2774.24
316.95 2774.10
317.35 2773.97
317.75 2773.83
318.15 2773.69
318.55 2773.55
318.95 2773.41
319.35 2773.27
319.75 2773.13
320.15 2772.99
320.55 2772.86
320.95 2772.72
321.35 2772.58
321.75 2772.44
322.15 2772.31
322.55 2772.17
322.95 2772.03
323.35 2771.89
323.75 2771.76
324.15 2771.62
324.55 2771.48
324.95 2771.35
325.35 2771.21
325.75 2771.08
326.15 2770.94
326.55 2770.80
326.95 2770.67
327.35 2770.53
327.75 2770.40
328.15 2770.26
328.55 2770.13
328.95 2769.99
329.35 2769.86
329.75 2769.73
330.15 2769.59
330.55 2769.46
330.95 2769.32
331.35 2769.19
331.75 2769.06
332.15 2768.92
332.55 2768.79
332.95 2768.66
333.35 2768.52
333.75 2768.39
334.15 2768.26
334.55 2768.13
334.95 2768.00
335.35 2767.86
335.75 2767.73
336.15 2767.60
336.55 2767.47
336.95 2767.34
337.35 2767.21
337.75 2767.08
338.15 2766.94
338.55 2766.81
338.95 2766.68
339.35 2766.55
339.75 2766.42
340.15 2766.29
340.55 2766.16
340.95 2766.03
341.35 2765.90
341.75 2765.78
342.15 2765.65
342.55 2765.52
342.95 2765.39
343.35 2765.26
343.74 2765.14
344.11 2765.02
344.47 2764.90
344.82 2764.79
345.15 2764.68
345.46 2764.58
345.77 2764.49
346.05 2764.39
346.33 2764.31
346.59 2764.23
346.83 2764.15
347.06 2764.07
347.28 2764.01
347.48 2763.94
347.75 2763.85
348.00 2763.78
348.21 2763.71
348.44 2763.64
348.65 2763.57
348.85 2763.52
349.07 2763.45
349.29 2763.38
349.51 2763.31
349.73 2763.24
349.95 2763.17
350.17 2763.10
350.39 2763.03
350.61 2762.96
350.83 2762.89
351.05 2762.83
351.27 2762.76
351.49 2762.69
351.71 2762.62
351.93 2762.55
352.15 2762.48
352.37 2762.41
352.59 2762.34
352.81 2762.28
353.03 2762.21
353.25 2762.14
353.47 2762.07
353.69 2762.00
353.91 2761.93
354.13 2761.87
354.35 2761.80
354.57 2761.73
354.79 2761.66
355.01 2761.59
355.23 2761.53
355.45 2761.46
355.67 2761.39
355.89 2761.32
356.11 2761.26
356.33 2761.19
356.55 2761.12
356.77 2761.05
356.99 2760.99
357.21 2760.92
357.43 2760.85
357.65 2760.78
357.87 2760.72
358.09 2760.65
358.31 2760.58
358.53 2760.51
358.75 2760.45
358.97 2760.38
359.19 2760.31
359.41 2760.25
359.63 2760.18
359.85 2760.11
360.07 2760.05
360.29 2759.98
360.51 2759.91
360.73 2759.85
360.95 2759.78
361.17 2759.71
361.39 2759.65
361.61 2759.58
361.83 2759.51
362.05 2759.45
362.27 2759.38
362.49 2759.32
362.71 2759.25
362.93 2759.18
363.15 2759.12
363.37 2759.05
363.59 2758.99
363.81 2758.92
364.03 2758.85
364.25 2758.79
364.47 2758.72
364.69 2758.66
364.91 2758.59
365.13 2758.53
365.35 2758.46
365.57 2758.40
365.79 2758.33
366.01 2758.26
366.23 2758.20
366.45 2758.13
366.67 2758.07
366.89 2758.04
367.11 2758.01
367.33 2757.97
367.55 2757.94
367.77 2757.91
367.99 2757.89
368.21 2757.86
368.43 2757.84
368.65 2757.80
368.87 2757.75
369.09 2757.68
369.31 2757.62
369.53 2757.54
369.75 2757.46
369.97 2757.38
370.19 2757.29
370.41 2757.21
370.63 2757.13
370.85 2757.06
371.07 2756.98
371.29 2756.90
371.51 2756.83
371.73 2756.76
371.95 2756.69
372.17 2756.62
372.39 2756.56
372.61 2756.49
372.83 2756.42
373.05 2756.36
373.27 2756.29
373.49 2756.23
373.71 2756.16
373.93 2756.10
374.15 2756.04
374.37 2755.97
374.72 2755.87
374.93 2755.80
375.19 2755.73
375.48 2755.65
375.81 2755.56
376.17 2755.45
376.58 2755.34
377.02 2755.21
377.50 2755.08
378.02 2754.93
378.57 2754.77
379.17 2754.61
379.80 2754.43
380.47 2754.24
381.18 2754.04
381.92 2753.84
382.71 2753.62
383.53 2753.39
384.39 2753.16
385.29 2752.91
386.22 2752.65
387.20 2752.39
388.21 2752.11
389.26 2751.83
390.35 2751.54
391.47 2751.24
392.64 2750.93
393.84 2750.61
395.08 2750.28
396.36 2749.94
397.67 2749.60
399.03 2749.25
400.42 2748.89
401.85 2748.52
403.32 2748.15
404.82 2747.77
406.37 2747.38
407.95 2746.99
409.57 2746.59
411.23 2746.18
412.92 2745.77
414.66 2745.35
416.43 2744.92
418.24 2744.49
420.09 2744.06
421.97 2743.62
423.90 2743.17
425.86 2742.72
427.86 2742.27
429.86 2741.82
431.86 2741.38
433.86 2740.94
435.86 2740.51
437.86 2740.08
439.86 2739.65
441.86 2739.23
443.86 2738.81
445.86 2738.40
447.86 2738.00
449.86 2737.60
451.86 2737.20
453.86 2736.81
455.86 2736.42
457.86 2736.04
459.86 2735.66
461.86 2735.29
463.86 2734.92
465.86 2734.56
467.86 2734.20
469.86 2733.84
471.86 2733.49
473.86 2733.15
475.86 2732.81
477.86 2732.48
479.86 2732.15
481.86 2731.82
483.86 2731.50
485.86 2731.18
487.86 2730.87
489.86 2730.57
491.86 2730.27
493.86 2729.97
495.86 2729.68
497.86 2729.39
499.86 2729.11
501.86 2728.84
503.86 2728.57
505.86 2728.30
507.86 2728.04
509.86 2727.78
511.86 2727.53
513.86 2727.28
515.86 2727.04
517.86 2726.80
519.86 2726.57
521.86 2726.34
523.86 2726.12
525.86 2725.90
527.86 2725.69
529.86 2725.48
531.86 2725.28
533.86 2725.08
535.86 2724.89
537.86 2724.70
539.86 2724.52
541.86 2724.34
543.86 2724.16
545.86 2724.00
547.86 2723.83
549.86 2723.67
551.86 2723.52
553.86 2723.37
555.86 2723.23
557.86 2723.09
559.86 2722.96
561.86 2722.83
563.86 2722.70
565.86 2722.59
567.86 2722.47
569.86 2722.36
571.86 2722.26
573.86 2722.16
575.86 2722.07
577.86 2721.98
579.86 2721.90
581.86 2721.82
583.86 2721.74
585.86 2721.67
587.86 2721.61
589.86 2721.55
591.86 2721.50
593.86 2721.45
595.86 2721.41
597.86 2721.37
599.86 2721.33
601.86 2721.30
603.86 2721.28
605.86 2721.26
607.86 2721.25
609.86 2721.24
611.86 2721.24
613.86 2721.24
615.86 2721.24
617.86 2721.26
619.86 2721.27
621.86 2721.29
623.86 2721.32
625.86 2721.35
627.86 2721.39
629.86 2721.43
631.86 2721.47
633.86 2721.53
635.86 2721.58
637.86 2721.64
639.86 2721.71
641.86 2721.78
643.86 2721.86
645.86 2721.94
647.86 2722.03
649.86 2722.12
651.86 2722.21
653.86 2722.31
655.86 2722.42
657.86 2722.53
659.86 2722.65
661.86 2722.77
663.86 2722.89
665.86 2723.03
667.86 2723.16
669.86 2723.30
671.86 2723.45
673.86 2723.60
675.86 2723.76
677.86 2723.92
679.86 2724.08
681.86 2724.25
683.86 2724.43
685.86 2724.61
687.86 2724.80
689.86 2724.99
691.86 2725.18
693.86 2725.38
695.86 2725.59
697.86 2725.80
699.86 2726.02
701.86 2726.24
703.86 2726.46
705.86 2726.69
707.86 2726.93
709.86 2727.17
711.86 2727.41
713.86 2727.66
715.86 2727.92
717.86 2728.18
719.86 2728.44
721.86 2728.71
723.86 2728.98
725.86 2729.26
727.86 2729.55
729.86 2729.84
731.86 2730.13
733.86 2730.43
735.86 2730.73
737.86 2731.04
739.86 2731.35
741.86 2731.67
743.86 2731.99
745.86 2732.32
747.86 2732.65
749.86 2732.99
751.86 2733.33
753.86 2733.68
755.86 2734.03
757.86 2734.39
759.86 2734.75
761.86 2735.12
763.86 2735.49
765.86 2735.86
767.86 2736.25
769.86 2736.63
771.86 2737.02
773.86 2737.42
775.86 2737.82
777.86 2738.22
779.86 2738.63
781.86 2739.04
783.86 2739.46
785.86 2739.88
787.86 2740.31
789.86 2740.74
791.86 2741.18
793.86 2741.62
795.86 2742.07
797.86 2742.52
799.86 2742.98
801.86 2743.44
803.86 2743.90
805.86 2744.37
807.86 2744.85
809.86 2745.33
811.86 2745.81
813.86 2746.30
815.86 2746.79
817.86 2747.29
819.86 2747.79
821.86 2748.30
823.86 2748.81
825.86 2749.33
827.86 2749.85
829.86 2750.37
831.86 2750.90
833.86 2751.43
835.86 2751.97
837.86 2752.52
839.86 2753.06
841.86 2753.62
843.86 2754.17
845.86 2754.73
847.86 2755.30
849.86 2755.87
851.86 2756.44
853.86 2757.02
855.86 2757.60
857.86 2758.19
859.86 2758.78
861.86 2759.38
863.86 2759.98
865.86 2760.58
867.86 2761.19
869.86 2761.81
871.86 2762.42
873.86 2763.05
875.86 2763.67
877.86 2764.30
879.86 2764.94
881.86 2765.58
883.86 2766.22
885.86 2766.87
887.86 2767.52
889.86 2768.18
891.86 2768.84
893.86 2769.50
895.86 2770.17
897.86 2770.84
899.86 2771.52
901.86 2772.20
903.86 2772.89
905.86 2773.58
907.86 2774.27
909.86 2774.97
911.86 2775.67
913.86 2776.38
915.86 2777.09
917.86 2777.80
919.86 2778.52
921.86 2779.24
923.86 2779.97
925.86 2780.70
927.86 2781.43
929.86 2782.17
931.86 2782.91
933.86 2783.66
935.86 2784.41
937.86 2785.16
939.86 2785.92
941.86 2786.68
943.86 2787.44
945.86 2788.21
947.86 2788.98
949.86 2789.76
951.86 2790.54
953.86 2791.32
955.86 2792.11
957.86 2792.90
959.86 2793.70
961.86 2794.50
963.86 2795.30
965.86 2796.11
967.86 2796.92
969.86 2797.73
971.86 2798.55
973.86 2799.37
975.86 2800.19
977.86 2801.02
979.86 2801.85
981.86 2802.69
983.86 2803.53
985.86 2804.37
987.86 2805.21
989.86 2806.06
991.86 2806.92
993.86 2807.77
995.86 2808.63
997.86 2809.49
999.86 2810.36
1001.86 2811.23
1003.86 2812.10
1005.86 2812.98
1007.86 2813.86
1009.86 2814.74
1011.86 2815.63
1013.86 2816.52
1015.86 2817.41
1017.86 2818.30
1019.86 2819.20
1021.86 2820.10
1023.86 2821.01
1025.86 2821.92
1027.86 2822.83
1029.86 2823.74
1031.86 2824.66
1033.86 2825.58
1035.86 2826.50
1037.86 2827.43
1039.86 2828.36
1041.86 2829.29
1043.86 2830.23
1045.86 2831.16
1047.86 2832.11
1049.86 2833.05
1051.86 2834.00
1053.86 2834.95
1055.86 2835.90
1057.86 2836.85
1059.86 2837.81
1061.86 2838.77
1063.86 2839.74
1065.86 2840.70
1067.86 2841.67
1069.86 2842.64
1071.86 2843.61
1073.86 2844.59
1075.86 2845.57
1077.86 2846.55
1079.86 2847.54
1081.86 2848.52
1083.86 2849.51
1085.86 2850.50
1087.86 2851.50
1089.86 2852.49
1091.86 2853.49
1093.86 2854.49
1095.86 2855.50
1097.86 2856.50
1099.86 2857.51
1101.86 2858.52
1103.86 2859.53
1105.86 2860.55
1107.86 2861.56
1109.86 2862.58
1111.86 2863.60
1113.86 2864.62
1115.86 2865.65
1117.86 2866.68
1119.86 2867.71
1121.86 2868.74
1123.86 2869.77
1125.86 2870.80
1127.86 2871.84
1129.86 2872.88
1131.86 2873.92
1133.86 2874.96
1135.86 2876.01
1137.86 2877.05
1139.86 2878.10
1141.86 2879.15
1143.86 2880.20
1145.86 2881.25
1147.86 2882.30
1149.86 2883.36
1151.86 2884.42
1153.86 2885.48
1155.86 2886.54
1157.86 2887.60
1159.86 2888.66
1161.86 2889.72
1163.86 2890.79
1165.86 2891.86
1167.86 2892.93
1169.86 2894.00
1171.86 2895.07
1173.86 2896.14
1175.86 2897.21
1177.86 2898.29
1179.86 2899.36
1181.86 2900.44
1183.86 2901.52
1185.86 2902.59
1187.86 2903.67
1189.86 2904.75
1191.86 2905.84
1193.86 2906.92
1195.86 2908.00
1197.86 2909.09
1199.86 2910.17
1201.86 2911.26
1203.86 2912.34
1205.86 2913.43
1207.86 2914.52
1209.86 2915.61
1211.86 2916.69
1213.86 2917.78
1215.86 2918.87
1217.86 2919.96
1219.86 2921.06
1221.86 2922.15
1223.86 2923.24
1225.86 2924.33
1227.86 2925.42
1229.86 2926.52
1231.86 2927.61
1233.86 2928.70
1235.86 2929.79
1237.86 2930.89
1239.86 2931.98
1241.86 2933.08
1243.86 2934.17
1245.86 2935.26
1247.86 2936.36
1249.86 2937.45
1251.86 2938.54
1253.86 2939.64
1255.86 2940.73
1257.86 2941.82
1259.86 2942.91
1261.86 2944.01
1263.86 2945.10
1265.86 2946.19
1267.86 2947.28
1269.86 2948.37
1271.86 2949.46
1273.86 2950.55
1275.86 2951.64
1277.86 2952.73
1279.86 2953.82
1281.86 2954.90
1283.86 2955.99
1285.86 2957.08
1287.86 2958.16
1289.86 2959.25
1291.86 2960.33
1293.86 2961.41
1295.86 2962.49
1297.86 2963.57
1299.86 2964.65
1301.86 2965.73
1303.86 2966.81
1305.86 2967.88
1307.86 2968.96
1309.86 2970.03
1311.86 2971.10
1313.86 2972.17
1315.86 2973.24
1317.86 2974.31
1319.86 2975.38
1321.86 2976.44
1323.86 2977.51
1325.86 2978.57
1327.86 2979.63
1329.86 2980.69
1331.86 2981.75
1333.86 2982.80
1335.86 2983.86
1337.86 2984.91
1339.86 2985.96
1341.86 2987.01
1343.86 2988.05
1345.86 2989.10
1347.86 2990.14
1349.86 2991.18
1351.86 2992.22
1353.86 2993.26
1355.86 2994.29
1357.86 2995.32
1359.86 2996.35
1361.86 2997.38
1363.86 2998.41
1365.86 2999.43
1367.86 3000.45
1369.86 3001.47
1371.86 3002.48
1373.86 3003.50
1375.86 3004.51
1377.86 3005.51
1379.86 3006.52
1381.86 3007.52
1383.86 3008.52
1385.86 3009.52
1387.86 3010.51
1389.86 3011.50
1391.86 3012.49
1393.86 3013.48
1395.86 3014.46
1397.86 3015.44
1399.86 3016.41
1401.86 3017.39
1403.86 3018.36
1404.34 3018.59
1406.30 3019.54
1408.22 3020.46
1410.10 3021.36
1411.94 3022.24
1413.75 3023.10
1415.51 3023.94
1417.23 3024.76
1418.91 3025.55
1420.56 3026.32
1422.16 3027.08
1423.72 3027.81
1425.25 3028.52
1426.73 3029.21
1428.18 3029.88
1429.58 3030.53
1430.95 3031.16
1432.28 3031.77
1433.56 3032.36
1434.81 3032.93
1436.02 3033.48
1437.18 3034.01
1438.31 3034.53
1439.40 3035.02
1440.45 3035.49
1441.46 3035.95
1442.43 3036.38
1443.36 3036.80
1444.25 3037.20
1445.10 3037.58
1445.91 3037.94
1446.69 3038.29
1447.42 3038.61
1448.11 3038.92
1448.77 3039.21
1449.38 3039.48
1449.95 3039.74
1450.49 3039.97
1450.98 3040.19
1451.44 3040.39
1451.85 3040.57
1452.23 3040.74
1452.56 3040.89
1452.86 3041.02
1453.12 3041.13
1453.33 3041.22
1453.65 3041.36
1453.87 3041.45
1454.09 3041.54
1454.31 3041.63
1454.53 3041.73
1454.75 3041.83
1454.97 3041.92
1455.19 3042.02
1455.41 3042.12
1455.63 3042.21
1455.85 3042.31
1456.07 3042.40
1456.29 3042.50
1456.51 3042.60
1456.73 3042.69
1456.95 3042.79
1457.17 3042.88
1457.39 3042.98
1457.61 3043.08
1457.83 3043.17
1458.05 3043.27
1458.27 3043.36
1458.49 3043.46
1458.71 3043.55
1458.93 3043.64
1459.15 3043.74
1459.37 3043.83
1459.59 3043.93
1459.81 3044.02
1460.03 3044.12
1460.25 3044.21
1460.47 3044.31
1460.69 3044.40
1460.91 3044.50
1461.13 3044.59
1461.35 3044.68
1461.57 3044.78
1461.79 3044.87
1462.01 3044.97
1462.23 3045.06
1462.45 3045.16
1462.67 3045.25
1462.89 3045.35
1463.11 3045.45
1463.34 3045.55
1463.57 3045.65
1463.82 3045.75
1464.04 3045.85
1464.29 3045.95
1464.49 3046.04
1464.71 3046.13
1464.94 3046.23
1465.18 3046.33
1465.44 3046.44
1465.72 3046.56
1466.01 3046.68
1466.31 3046.81
1466.51 3046.90
1466.71 3046.98
1466.91 3047.07
1467.11 3047.15
1467.31 3047.23
1467.51 3047.32
1467.71 3047.40
1467.91 3047.49
1468.11 3047.57
1468.31 3047.66
1468.51 3047.74
1468.71 3047.83
1468.91 3047.91
1469.11 3047.99
1469.31 3048.08
1469.51 3048.16
1469.71 3048.25
1469.91 3048.33
1470.11 3048.41
1470.31 3048.50
1470.51 3048.58
1470.71 3048.67
1470.91 3048.75
1471.11 3048.83
1471.31 3048.92
1471.51 3049.00
1471.71 3049.08
1471.91 3049.17
1472.11 3049.25
1472.31 3049.33
1472.51 3049.42
1472.71 3049.50
1472.91 3049.58
1473.11 3049.67
1473.31 3049.75
1473.51 3049.83
1473.71 3049.92
1473.91 3050.00
1474.11 3050.08
1474.31 3050.17
1474.51 3050.25
1474.71 3050.33
1474.91 3050.42
1475.11 3050.50
1475.31 3050.58
1475.51 3050.66
1475.71 3050.75
1475.91 3050.83
1476.11 3050.91
1476.31 3050.99
1476.51 3051.08
1476.71 3051.16
1476.91 3051.24
1477.11 3051.32
1477.31 3051.41
1477.51 3051.49
1477.71 3051.57
1477.91 3051.65
1478.11 3051.74
1478.31 3051.82
1478.51 3051.90
1478.71 3051.98
1478.91 3052.06
1479.11 3052.14
1479.31 3052.23
1479.51 3052.31
1479.71 3052.39
1479.91 3052.47
1480.11 3052.55
1480.31 3052.64
1480.51 3052.72
1480.71 3052.80
1480.91 3052.88
1481.11 3052.96
1481.31 3053.04
1481.51 3053.12
1481.71 3053.20
1481.91 3053.29
1482.11 3053.37
1482.31 3053.45
1482.51 3053.53
1482.71 3053.61
1482.91 3053.69
1483.11 3053.77
1483.31 3053.85
1483.51 3053.93
1483.71 3054.01
1483.91 3054.10
1484.11 3054.18
1484.31 3054.26
1484.51 3054.34
1484.71 3054.42
1484.91 3054.50
1485.11 3054.58
1485.31 3054.66
1485.51 3054.74
1485.71 3054.82
1485.91 3054.90
1486.11 3054.98
1486.31 3055.06
1486.51 3055.14
1486.71 3055.22
1486.91 3055.30
1487.11 3055.38
1487.31 3055.46
1487.51 3055.54
1487.71 3055.62
1487.91 3055.70
1488.11 3055.78
1488.31 3055.86
1488.51 3055.94
1488.71 3056.02
1488.91 3056.10
1489.11 3056.18
1489.31 3056.26
1489.51 3056.34
1489.71 3056.42
1489.91 3056.50
1490.11 3056.57
1490.31 3056.65
1490.51 3056.73
1490.71 3056.81
1490.91 3056.89
1491.11 3056.97
1491.31 3057.05
1491.51 3057.13
1491.71 3057.21
1491.91 3057.28
1492.11 3057.36
1492.31 3057.44
1492.51 3057.52
1492.71 3057.60
1492.91 3057.68
1493.11 3057.76
1493.31 3057.83
1493.51 3057.91
1493.71 3057.99
1493.91 3058.07
1494.11 3058.15
1494.31 3058.23
1494.51 3058.30
1494.71 3058.38
1494.91 3058.46
1495.11 3058.54
1495.31 3058.62
1495.51 3058.69
1495.71 3058.77
1495.91 3058.85
1496.11 3058.93
1496.31 3059.01
1496.51 3059.08
1496.71 3059.16
1496.91 3059.24
1497.11 3059.32
1497.31 3059.39
1497.51 3059.47
1497.71 3059.55
1497.91 3059.62
1498.11 3059.70
1498.31 3059.78
1498.51 3059.86
1498.71 3059.93
1498.91 3060.01
1499.11 3060.09
1499.31 3060.16
1499.51 3060.24
1499.71 3060.32
1499.91 3060.39
1500.11 3060.47
1500.31 3060.55
1500.51 3060.62
1500.71 3060.70
1500.91 3060.78
1501.11 3060.85
1501.31 3060.93
1501.51 3061.01
1501.71 3061.08
1502.00 3061.19
1502.28 3061.30
1502.54 3061.40
1502.79 3061.50
1503.03 3061.58
1503.25 3061.67
1503.45 3061.75
1503.70 3061.84
1503.93 3061.93
1504.13 3062.00
1504.35 3062.08
1504.55 3062.16
1504.76 3062.23
1504.98 3062.32
1505.20 3062.40
1505.42 3062.48
1505.64 3062.56
1505.86 3062.65
1506.08 3062.73
1506.30 3062.81
1506.52 3062.90
1506.74 3062.98
1506.96 3063.06
1507.18 3063.14
1507.40 3063.22
1507.62 3063.31
1507.84 3063.39
1508.06 3063.47
1508.28 3063.55
1508.50 3063.64
1508.72 3063.72
1508.94 3063.80
1509.16 3063.88
1509.38 3063.96
1509.60 3064.04
1509.82 3064.13
1510.04 3064.21
1510.26 3064.29
1510.48 3064.37
1510.70 3064.45
1510.92 3064.53
1511.14 3064.61
1511.36 3064.69
1511.58 3064.78
1511.80 3064.86
1512.02 3064.94
1512.24 3065.02
1512.46 3065.10
1512.68 3065.18
1512.90 3065.26
1513.12 3065.34
1513.34 3065.42
1513.56 3065.50
1513.78 3065.58
1514.00 3065.66
1514.22 3065.74
1514.44 3065.82
1514.66 3065.90
1514.88 3065.98
1515.10 3066.06
1515.32 3066.14
1515.54 3066.22
1515.76 3066.30
1515.98 3066.38
1516.20 3066.46
1516.42 3066.54
1516.64 3066.62
1516.86 3066.70
1517.08 3066.78
1517.30 3066.86
1517.52 3066.94
1517.74 3067.02
1517.96 3067.10
1518.18 3067.18
1518.40 3067.26
1518.62 3067.34
1518.84 3067.41
1519.06 3067.49
1519.28 3067.57
1519.50 3067.65
1519.72 3067.73
1519.94 3067.81
1520.16 3067.89
1520.38 3067.96
1520.60 3064.66
1520.82 3060.07
1521.04 3055.48
1521.26 3050.88
1521.48 3046.28
1521.70 3041.66
1521.92 3037.05
1522.14 3032.42
1522.36 3027.79
1522.58 3023.16
1522.80 3018.51
1523.02 3013.86
1523.24 3009.20
1523.46 3004.53
1523.68 2999.85
1523.90 2995.16
1524.12 2990.46
1524.34 2985.75
1524.56 2981.04
1524.78 2976.32
1525.00 2971.59
1525.22 2966.86
1525.44 2962.11
1525.66 2957.36
1525.88 2952.60
1526.10 2947.84
1526.32 2943.06
1526.54 2938.28
1526.76 2933.49
1526.98 2928.70
1527.20 2923.89
1527.42 2919.08
1527.64 2914.26
1527.86 2909.43
1528.08 2904.59
1528.30 2899.74
1528.52 2894.89
1528.74 2890.02
1528.96 2885.16
1529.18 2880.28
1529.40 2875.40
1529.62 2870.51
1529.84 2865.61
1530.06 2860.71
1530.28 2855.79
1530.50 2850.87
1530.72 2845.93
1530.94 2840.99
1531.16 2836.04
1531.38 2831.08
1531.60 2826.11
1531.82 2821.14
1532.04 2816.16
1532.26 2811.16
1532.48 2806.17
1532.70 2801.17
1532.92 2796.16
1533.14 2791.14
1533.36 2786.13
1533.58 2781.10
1533.80 2776.08
1534.02 2771.04
1534.24 2766.00
1534.46 2760.95
1534.68 2755.89
1534.90 2750.82
1535.12 2745.75
1535.34 2740.66
1535.56 2735.57
1535.78 2734.72
1536.00 2734.82
1536.22 2734.90
1536.44 2734.99
1536.66 2735.08
1536.88 2735.16
1537.10 2735.25
1537.32 2735.33
1537.54 2735.42
1537.76 2735.50
1537.98 2735.59
1538.20 2735.67
1538.42 2735.76
1538.64 2735.85
1538.86 2735.94
1539.08 2736.03
1539.30 2736.12
1539.52 2736.21
1539.74 2736.30
1539.96 2736.39
1540.18 2736.48
1540.40 2736.56
1540.62 2736.63
1540.84 2736.70
1541.06 2736.78
1541.28 2736.88
1541.50 2736.97
1541.72 2737.07
1541.94 2737.16
1542.16 2737.26
1542.38 2737.36
1542.60 2737.45
1542.82 2737.55
1543.04 2737.65
1543.26 2737.74
1543.48 2737.84
1543.70 2737.94
1543.92 2738.03
1544.14 2738.13
1544.36 2738.23
1544.58 2738.33
1544.80 2738.42
1545.02 2738.52
1545.24 2738.62
1545.46 2738.72
1545.68 2738.82
1545.90 2738.92
1546.12 2739.02
1546.34 2739.12
1546.56 2739.21
1546.78 2739.31
1547.00 2739.41
1547.22 2739.52
1547.44 2739.62
1547.67 2739.73
1547.88 2739.83
1548.08 2739.92
1548.31 2740.03
1548.56 2740.14
1548.77 2740.24
1548.99 2740.34
1549.22 2740.45
1549.51 2740.58
1549.72 2740.68
1549.94 2740.79
1550.17 2740.90
1550.40 2741.01
1550.65 2741.12
1550.90 2741.24
1551.16 2741.37
1551.43 2741.50
1551.71 2741.63
1551.99 2741.77
1552.28 2741.91
1552.58 2742.05
1552.89 2742.20
1553.21 2742.36
1553.53 2742.52
1553.86 2742.68
1554.20 2742.85
1554.55 2743.02
1554.91 2743.20
1555.27 2743.38
1555.65 2743.56
1556.03 2743.75
1556.42 2743.95
1556.81 2744.15
1557.21 2744.35
1557.61 2744.56
1558.01 2744.76
1558.41 2744.97
1558.81 2745.17
1559.21 2745.38
1559.61 2745.59
1560.01 2745.80
1560.41 2746.01
1560.81 2746.22
1561.21 2746.43
1561.61 2746.64
1562.01 2746.85
1562.41 2747.07
1562.81 2747.28
1563.21 2747.50
1563.61 2747.71
1564.01 2747.93
1564.41 2748.15
1564.81 2748.36
1565.21 2748.58
1565.61 2748.80
1566.01 2749.02
1566.41 2749.24
1566.81 2749.47
1567.21 2749.69
1567.42 2749.80
1567.64 2749.93
1567.87 2750.06
1568.13 2750.20
1568.40 2750.36
1568.68 2750.52
1568.98 2750.69
1569.30 2750.87
1569.63 2751.06
1569.98 2751.26
1570.34 2751.46
1570.72 2751.68
1571.12 2751.91
1571.53 2752.15
1571.96 2752.40
1572.41 2752.66
1572.87 2752.93
1573.34 2753.21
1573.84 2753.50
1574.34 2753.80
1574.87 2754.12
1575.41 2754.44
1575.97 2754.78
1576.54 2755.12
1577.13 2755.48
1577.73 2755.85
1578.35 2756.23
1578.99 2756.62
1579.64 2757.03
1580.31 2757.44
1581.00 2757.87
1581.70 2758.31
1582.41 2758.77
1583.15 2759.23
1583.89 2759.71
1584.66 2760.21
1585.44 2760.71
1586.24 2761.23
1587.05 2761.77
1587.88 2762.31
1588.72 2762.87
1589.58 2763.45
1590.46 2764.04
1591.35 2764.65
1592.26 2765.27
1593.18 2765.90
1594.12 2766.55
1595.08 2767.22
1596.05 2767.90
1597.04 2768.60
1598.04 2769.31
1599.04 2770.03
1600.04 2770.75
1601.04 2771.48
1602.04 2772.21
1603.04 2772.94
1604.04 2773.68
1605.04 2774.43
1606.04 2775.18
1607.04 2775.94
1608.04 2776.70
1609.04 2777.47
1610.04 2778.24
1611.04 2779.02
1612.04 2779.80
1613.04 2780.58
1614.04 2781.38
1615.04 2782.17
1616.04 2782.97
1617.04 2783.78
1618.04 2784.59
1619.04 2785.41
1620.04 2786.23
1621.04 2787.06
1622.04 2787.89
1623.04 2788.72
1624.04 2789.57
1625.04 2790.41
1626.04 2791.26
1627.04 2792.12
1628.04 2792.98
1629.04 2793.85
1630.04 2794.72
1631.04 2795.60
1632.04 2796.48
1633.04 2797.37
1634.04 2798.26
1635.04 2799.15
1636.04 2800.06
1637.04 2800.96
1638.04 2801.87
1639.04 2802.79
1640.04 2803.71
1641.04 2804.64
1642.04 2805.57
1643.04 2806.51
1644.04 2807.45
1645.04 2808.40
1646.04 2809.35
1647.04 2810.30
1648.04 2811.26
1649.04 2812.23
1650.04 2813.20
1651.04 2814.18
1652.04 2815.16
1653.04 2816.15
1654.04 2817.14
1655.04 2818.13
1656.04 2819.14
1657.04 2820.14
1658.04 2821.15
1659.04 2822.17
1660.04 2823.19
1661.04 2824.22
1662.04 2825.25
1663.04 2826.28
1664.04 2827.32
1665.04 2828.37
1666.04 2829.42
1667.04 2830.48
1668.04 2831.54
1669.04 2832.60
1670.04 2833.67
1671.04 2834.75
1672.04 2835.83
1673.04 2836.91
1674.04 2838.00
1675.04 2839.10
1676.04 2840.20
1677.04 2841.30
1678.04 2842.41
1679.04 2843.53
1680.04 2844.65
1681.04 2845.77
1682.04 2846.90
1683.04 2848.04
1684.04 2849.18
1685.04 2850.32
1686.04 2851.47
1687.04 2852.63
1688.04 2853.78
1689.04 2854.95
1690.04 2856.12
1691.04 2857.29
1692.04 2858.47
1693.04 2859.65
1694.04 2860.84
1695.04 2862.04
1696.04 2863.23
1697.04 2864.44
1698.04 2865.65
1699.04 2866.86
1700.04 2868.08
1701.04 2869.30
1702.04 2870.53
1703.04 2871.76
1704.04 2873.00
1705.04 2874.24
1706.04 2875.49
1707.04 2876.74
1708.04 2878.00
1709.04 2879.26
1710.04 2880.52
1711.04 2881.79
1712.04 2883.07
1713.04 2884.35
1714.04 2885.64
1715.04 2886.93
1716.04 2888.22
1717.04 2889.52
1718.04 2890.83
1719.04 2892.14
1720.04 2893.45
1721.04 2894.77
1722.04 2896.10
1723.04 2897.43
1724.04 2898.76
1725.04 2900.10
1726.04 2901.45
1727.04 2902.79
1728.04 2904.15
1729.04 2905.51
1730.04 2906.87
1731.04 2908.24
1732.04 2909.61
1733.04 2910.99
1734.04 2912.37
1735.04 2913.75
1736.04 2915.15
1737.04 2916.54
1738.04 2917.94
1739.04 2919.35
1740.04 2920.76
1741.04 2922.17
1742.04 2923.59
1743.04 2925.02
1744.04 2926.45
1745.04 2927.88
1746.04 2929.32
1747.04 2930.77
1748.04 2932.21
1749.04 2933.67
1750.04 2935.12
1751.04 2936.59
1752.04 2938.05
1753.04 2939.53
1754.04 2941.00
1755.04 2942.48
1756.04 2943.97
1757.04 2945.46
1758.04 2946.96
1759.04 2948.46
1760.04 2949.96
1761.04 2951.47
1762.04 2952.98
1763.04 2954.50
1764.04 2956.02
1765.04 2957.55
1766.04 2959.08
1767.04 2960.62
1768.04 2962.16
1769.04 2963.71
1770.04 2965.26
1771.04 2966.81
1772.04 2968.37
1773.04 2969.94
1774.04 2971.51
1775.04 2973.08
1776.04 2974.66
1777.04 2976.24
1778.04 2977.83
1779.04 2979.42
1780.04 2981.02
1781.04 2982.62
1782.04 2984.22
1783.04 2985.83
1784.04 2987.45
1785.04 2989.07
1786.04 2990.69
1787.04 2992.32
1788.04 2993.95
1789.04 2995.59
1790.04 2997.23
1791.04 2998.87
1792.04 3000.52
1793.04 3002.18
1794.04 3003.84
1795.04 3005.50
1796.04 3007.17
1797.02 3008.81
1797.98 3010.41
1798.92 3011.99
1799.84 3013.55
1800.74 3015.07
1801.62 3016.56
1802.49 3018.02
1803.33 3019.45
1804.15 3020.85
1804.95 3022.23
1805.74 3023.57
1806.50 3024.88
1807.25 3026.15
1807.97 3027.40
1808.68 3028.62
1809.36 3029.80
1810.03 3030.95
1810.67 3032.07
1811.30 3033.16
1811.91 3034.22
1812.49 3035.24
1813.06 3036.23
1813.61 3037.18
1814.14 3038.11
1814.65 3039.00
1815.14 3039.86
1815.61 3040.68
1816.06 3041.47
1816.49 3042.23
1816.90 3042.95
1817.29 3043.64
1817.66 3044.29
1818.01 3044.92
1818.35 3045.50
1818.66 3046.06
1818.95 3046.58
1819.23 3047.06
1819.48 3047.51
1819.72 3047.93
1819.93 3048.31
1820.30 3048.97
1820.60 3049.49
1820.81 3049.87
1821.03 3050.22
1821.25 3050.57
1821.47 3050.92
1821.69 3051.27
1821.91 3051.62
1822.13 3051.98
1822.35 3052.38
1822.57 3052.77
1822.79 3053.16
1823.01 3053.55
1823.23 3053.95
1823.45 3054.35
1823.67 3054.75
1823.89 3055.14
1824.11 3055.54
1824.33 3055.94
1824.55 3056.34
1824.77 3056.73
1824.99 3057.13
1825.21 3057.52
1825.43 3057.92
1825.65 3058.32
1825.87 3058.71
1826.09 3059.11
1826.31 3059.54
1826.57 3060.01
1826.78 3060.38
1826.99 3060.77
1827.22 3061.17
1827.45 3061.59
1827.69 3062.03
1827.94 3062.47
1828.19 3062.94
1828.45 3063.41
1828.73 3063.90
1829.01 3064.41
1829.29 3064.93
1829.59 3065.47
1829.89 3066.02
1830.21 3066.59
1830.53 3067.17
1830.85 3067.76
1831.19 3068.38
1831.53 3069.00
1831.89 3069.64
1832.25 3070.30
1832.61 3070.97
1832.99 3071.66
1833.37 3072.36
1833.77 3073.08
1834.16 3073.81
1834.56 3074.54
1834.96 3075.27
1835.36 3076.01
1835.76 3076.74
1836.16 3077.48
1836.56 3078.22
1836.96 3078.95
1837.36 3079.69
1837.76 3080.43
1838.16 3081.17
1838.56 3081.91
1838.96 3082.65
1839.36 3083.39
1839.76 3084.13
1840.16 3084.87
1840.56 3085.61
1840.96 3086.36
1841.36 3087.10
1841.76 3087.85
1842.16 3088.59
1842.56 3089.34
1842.96 3090.08
1843.36 3090.83
1843.76 3091.58
1844.16 3092.33
1844.56 3093.08
1844.96 3093.83
1845.36 3094.58
1845.76 3095.33
1846.16 3096.08
1846.56 3096.83
1846.96 3097.58
1847.36 3098.34
1847.76 3099.09
1848.16 3099.84
1848.56 3100.60
1848.96 3101.36
1849.36 3102.11
1849.76 3102.87
1850.16 3103.63
1850.56 3104.39
1850.96 3105.14
1851.36 3105.90
1851.76 3106.66
1852.16 3107.42
1852.56 3108.19
1852.96 3108.95
1853.36 3109.71
1853.76 3110.47
1854.16 3111.24
1854.56 3112.00
1854.96 3112.77
1855.36 3113.53
1855.76 3114.30
1856.16 3115.07
1856.56 3115.83
1856.96 3116.60
1857.36 3117.37
1857.76 3118.14
1858.16 3118.91
1858.56 3119.68
1858.96 3120.44
1859.34 3121.18
1859.71 3121.89
1860.07 3122.57
1860.40 3123.23
1860.73 3123.86
1861.04 3124.46
1861.34 3125.03
1861.62 3125.58
1861.88 3126.09
1862.14 3126.59
1862.38 3127.05
1862.60 3127.48
1862.81 3127.89
1863.10 3128.45
1863.35 3128.94
1863.57 3129.38
1863.82 3129.85
1864.05 3130.30
1864.26 3130.68
1864.48 3131.10
1864.70 3131.52
1864.92 3131.95
1865.14 3132.38
1865.36 3132.81
1865.58 3133.24
1865.80 3133.66
1866.02 3134.09
1866.24 3134.52
1866.46 3134.95
1866.72 3135.49
1866.93 3135.90
1867.14 3136.32
1867.37 3136.76
1867.60 3137.22
1867.84 3137.69
1868.09 3138.18
1868.35 3138.68
1868.61 3139.20
1868.89 3139.74
1869.17 3140.29
1869.45 3140.86
1869.75 3141.44
1870.06 3142.04
1870.37 3142.66
1870.69 3143.29
1871.02 3143.94
1871.36 3144.60
1871.70 3145.29
1872.05 3145.98
1872.42 3146.70
1872.78 3147.43
1873.16 3148.17
1873.55 3148.93
1873.94 3149.71
1874.34 3150.50
1874.74 3151.30
1875.14 3152.09
1875.54 3152.89
1875.94 3153.68
1876.34 3154.48
1876.74 3155.27
1877.14 3156.07
1877.54 3156.87
1877.94 3157.67
1878.34 3158.47
1878.74 3159.26
1879.14 3160.06
1879.54 3160.86
1879.94 3161.67
1880.34 3162.47
1880.74 3163.27
1881.14 3164.07
1881.54 3164.87
1881.94 3165.68
1882.34 3166.48
1882.74 3167.29
1883.14 3168.09
1883.54 3168.90
1883.94 3169.70
1884.34 3170.51
1884.74 3171.32
1885.14 3172.12
1885.54 3172.93
1885.94 3173.74
1886.34 3174.55
1886.74 3175.36
1887.14 3176.17
1887.54 3176.98
1887.94 3177.79
1888.34 3178.60
1888.74 3179.42
1889.14 3180.23
1889.54 3181.04
1889.94 3181.86
1890.34 3182.67
1890.74 3183.49
1891.14 3184.30
1891.54 3185.12
1891.94 3185.93
1892.34 3186.75
1892.74 3187.57
1893.14 3188.39
1893.54 3189.20
1893.94 3190.02
1894.34 3190.84
1894.74 3191.66
1895.14 3192.48
1895.54 3193.30
1895.94 3194.13
1896.34 3194.95
1896.74 3195.77
1897.13 3196.57
1897.50 3197.34
1897.86 3198.08
1898.21 3198.80
1898.54 3199.48
1898.86 3200.14
1899.16 3200.76
1899.45 3201.36
1899.72 3201.92
1899.98 3202.46
1900.23 3202.97
1900.46 3203.44
1900.68 3203.89
1900.88 3204.31
1901.15 3204.88
1901.40 3205.38
1901.61 3205.82
1901.84 3206.30
1902.05 3206.73
1902.25 3207.11
1902.47 3207.55
1902.69 3208.00
1902.91 3208.46
1903.13 3208.92
1903.35 3209.37
1903.57 3209.83
1903.79 3210.29
1904.01 3210.74
1904.23 3211.20
1904.45 3211.66
1904.67 3212.11
1904.89 3212.57
1905.11 3213.03
1905.33 3213.49
1905.55 3213.95
1905.77 3214.41
1905.99 3214.86
1906.21 3215.32
1906.42 3215.80
1906.64 3216.27
1906.87 3216.75
1907.09 3217.19
1907.32 3217.69
1907.59 3218.24
1907.80 3218.69
1908.03 3219.17
1908.28 3219.68
1908.54 3220.22
1908.81 3220.79
1909.10 3221.39
1909.39 3222.02
1909.59 3222.43
1909.79 3222.85
1909.99 3223.27
1910.19 3223.69
1910.39 3224.11
1910.59 3224.53
1910.79 3224.95
1910.99 3225.37
1911.19 3225.79
1911.39 3226.21
1911.59 3226.63
1911.79 3227.05
1911.99 3227.47
1912.19 3227.89
1912.39 3228.31
1912.59 3228.73
1912.79 3229.15
1912.99 3229.57
1913.19 3229.99
1913.39 3230.41
1913.59 3230.83
1913.79 3231.25
1913.99 3231.67
1914.19 3232.10
1914.39 3232.52
1914.59 3232.94
1914.79 3233.36
1914.99 3233.78
1915.19 3234.20
1915.39 3234.62
1915.59 3235.05
1915.79 3235.47
1915.99 3235.89
1916.19 3236.31
1916.39 3236.74
1916.59 3237.16
1916.79 3237.58
1916.99 3238.00
1917.19 3238.43
1917.39 3238.85
1917.59 3239.27
1917.79 3239.69
1917.99 3240.12
1918.19 3240.54
1918.39 3240.96
1918.59 3241.39
1918.79 3241.81
1918.99 3242.24
1919.19 3242.66
1919.39 3243.08
1919.59 3243.51
1919.79 3243.93
1919.99 3244.36
1920.19 3244.78
1920.39 3245.20
1920.59 3245.63
1920.79 3246.05
1920.99 3246.48
1921.19 3246.90
1921.39 3247.33
1921.59 3247.75
1921.79 3248.18
1921.99 3248.60
1922.19 3249.03
1922.39 3249.45
1922.59 3249.88
1922.79 3250.30
1922.99 3250.73
1923.19 3251.16
1923.39 3251.58
1923.59 3252.01
1923.79 3252.43
1923.99 3252.86
1924.19 3253.29
1924.39 3253.71
1924.59 3254.14
1924.79 3254.56
1924.99 3254.99
1925.19 3255.42
1925.39 3255.85
1925.59 3256.27
1925.79 3256.70
1925.99 3257.13
1926.19 3257.55
1926.39 3257.98
1926.59 3258.41
1926.79 3258.84
1926.99 3259.26
1927.19 3259.69
1927.39 3260.12
1927.59 3260.55
1927.79 3260.97
1927.99 3261.40
1928.19 3261.83
1928.39 3262.26
1928.59 3262.69
1928.79 3263.11
1928.99 3263.54
1929.19 3263.97
1929.39 3264.40
1929.59 3264.83
1929.79 3265.26
1929.99 3265.69
1930.19 3266.12
1930.39 3266.55
1930.59 3266.97
1930.79 3267.40
1930.99 3267.83
1931.19 3268.26
1931.39 3268.69
1931.59 3269.12
1931.79 3269.55
1931.99 3269.98
1932.19 3270.41
1932.39 3270.84
1932.59 3271.27
1932.79 3271.70
1932.99 3272.13
1933.19 3272.56
1933.39 3272.99
1933.59 3273.42
1933.89 3274.06
1934.18 3274.67
1934.45 3275.26
1934.70 3275.81
1934.94 3276.33
1935.17 3276.81
1935.38 3277.27
1935.64 3277.83
1935.88 3278.34
1936.09 3278.79
1936.31 3279.28
1936.53 3279.75
1936.73 3280.14
1936.95 3280.61
1937.17 3281.08
1937.39 3281.55
1937.61 3282.03
1937.83 3282.50
1938.05 3282.98
1938.27 3283.46
1938.49 3283.93
1938.71 3284.41
1938.93 3284.88
1939.15 3285.36
1939.37 3285.83
1939.59 3286.31
1939.81 3286.79
1940.03 3287.26
1940.25 3287.74
1940.47 3288.22
1940.69 3288.69
1940.91 3289.17
1941.13 3289.65
1941.35 3290.12
1941.57 3290.60
1941.79 3291.08
1942.01 3291.55
1942.23 3292.03
1942.45 3292.51
1942.67 3292.99
1942.89 3293.46
1943.11 3293.94
1943.33 3294.42
1943.55 3294.90
1943.77 3295.37
1943.99 3295.85
1944.21 3296.33
1944.43 3295.29
1944.65 3295.77
1944.87 3295.98
1945.09 3293.54
1945.31 3292.99
1945.53 3293.47
1945.75 3293.95
1945.97 3294.42
1946.19 3294.90
1946.41 3295.38
1946.63 3295.86
1946.85 3296.34
1947.07 3296.82
1947.29 3297.30
1947.51 3297.78
1947.73 3298.25
1947.95 3298.73
1948.17 3299.21
1948.39 3299.69
1948.61 3300.17
1948.83 3300.65
1949.05 3301.13
1949.27 3301.61
1949.49 3302.09
1949.71 3302.57
1949.93 3303.05
1950.14 3303.54
1950.34 3303.99
1950.58 3304.51
1950.82 3305.04
1951.05 3305.53
1951.30 3306.07
1951.50 3306.52
1951.72 3306.99
1951.95 3307.50
1952.20 3308.04
1952.46 3308.61
1952.73 3309.21
1953.02 3309.84
1953.24 3310.28
1953.46 3310.76
1953.68 3311.24
1953.90 3311.72
1954.12 3312.20
1954.34 3312.67
1954.56 3313.14
1954.78 3313.61
1955.00 3314.08
1955.22 3314.55
1955.44 3315.01
1955.66 3315.47
1955.88 3315.94
1956.10 3316.39
1956.32 3316.85
1956.54 3317.31
1956.76 3317.76
1956.98 3318.21
1957.20 3318.66
1957.42 3319.11
1957.64 3319.55
1957.86 3319.99
1958.08 3320.43
1958.30 3320.87
1958.52 3321.30
1958.74 3321.74
1958.96 3322.16
1959.18 3322.59
1959.40 3323.01
1959.62 3323.43
1959.84 3323.85
1960.06 3324.26
1960.28 3324.68
1960.50 3325.08
1960.72 3325.49
1960.94 3325.89
1961.16 3326.29
1961.38 3326.68
1961.60 3327.08
1961.82 3327.46
1962.04 3327.85
1962.26 3328.23
1962.48 3328.61
1962.70 3328.98
1962.92 3329.36
1963.14 3329.72
1963.36 3330.09
1963.58 3330.45
1963.80 3330.81
1964.02 3331.16
1964.24 3331.51
1964.46 3331.86
1964.68 3332.21
1964.90 3332.55
1965.12 3332.88
1965.34 3333.22
1965.56 3333.55
1965.78 3333.87
1966.00 3334.19
1966.22 3334.51
1966.44 3334.83
1966.66 3335.14
1966.88 3335.45
1967.10 3335.75
1967.32 3336.06
1967.54 3336.35
1967.76 3336.65
1967.98 3336.94
1968.20 3337.22
1968.42 3337.51
1968.64 3337.78
1968.86 3338.06
1969.08 3338.33
1969.30 3338.60
1969.52 3338.86
1969.74 3339.12
1969.96 3339.38
1970.18 3339.63
1970.40 3339.87
1970.62 3340.12
1970.84 3340.35
1971.06 3340.59
1971.28 3340.82
1971.50 3341.04
1971.72 3341.26
1971.94 3341.48
1972.16 3341.69
1972.38 3341.89
1972.60 3342.09
1972.82 3342.29
1973.04 3342.48
1973.26 3342.66
1973.48 3342.83
1973.70 3343.00
1973.92 3343.17
1974.14 3343.32
1974.36 3343.47
1974.58 3343.62
1974.80 3343.75
1975.02 3343.88
1975.24 3344.00
1975.46 3344.11
1975.68 3344.22
1975.90 3344.31
1976.12 3344.40
1976.34 3344.48
1976.56 3344.55
1976.78 3344.62
1977.00 3344.67
1977.22 3344.71
1977.44 3344.75
1977.66 3344.78
1977.88 3344.79
1978.10 3344.80
1978.32 3344.80
1978.54 3344.78
1978.76 3344.76
1978.98 3344.73
1979.20 3344.68
1979.42 3344.63
1979.64 3344.56
1979.86 3344.48
1980.08 3344.39
1980.30 3344.29
1980.52 3344.17
1980.74 3344.05
1980.96 3343.91
1981.18 3343.75
1981.40 3343.59
1981.62 3343.41
1981.84 3343.22
1982.06 3343.01
1982.28 3342.79
1982.50 3342.56
1982.72 3342.31
1982.94 3342.04
1983.16 3341.77
1983.38 3341.47
1983.60 3341.16
1983.82 3340.84
1984.04 3340.50
1984.26 3340.14
1984.48 3339.77
1984.70 3339.37
1984.92 3338.97
1985.14 3338.54
1985.36 3338.10
1985.58 3337.64
1985.80 3337.16
1986.02 3336.66
1986.24 3336.15
1986.46 3335.61
1986.68 3335.06
1986.90 3334.49
1987.12 3333.89
1987.34 3333.28
1987.56 3332.65
1987.78 3332.00
1988.00 3331.32
1988.22 3330.63
1988.44 3329.91
1988.66 3329.17
1988.88 3328.41
1989.10 3327.63
1989.32 3326.82
1989.54 3325.99
1989.76 3325.14
1989.98 3324.27
1990.20 3323.37
1990.42 3322.45
1990.64 3321.50
1990.86 3320.53
1991.08 3319.54
1991.30 3318.52
1991.52 3317.48
1991.74 3316.42
1991.96 3315.33
1992.18 3314.22
1992.40 3313.08
1992.62 3311.92
1992.84 3310.73
1993.06 3309.51
1993.28 3308.28
1993.50 3307.01
1993.72 3305.72
1993.94 3304.40
1994.16 3303.05
1994.38 3301.68
1994.60 3300.28
1994.82 3298.85
1995.04 3297.39
1995.26 3295.90
1995.48 3294.38
1995.70 3292.84
1995.92 3291.26
1996.14 3289.65
1996.36 3288.00
1996.58 3286.33
1996.80 3284.62
1997.02 3282.88
1997.24 3281.10
1997.46 3279.29
1997.68 3277.44
1997.90 3275.56
1998.12 3273.64
1998.34 3271.68
1998.56 3269.69
1998.78 3267.65
1999.00 3265.58
1999.22 3263.47
1999.44 3261.31
1999.66 3259.12
1999.88 3256.88
2000.10 3254.60
2000.32 3252.28
2000.54 3249.92
2000.76 3247.51
2000.98 3245.06
2001.20 3242.56
2001.42 3240.01
2001.64 3237.41
2001.86 3234.77
2002.08 3232.08
2002.30 3229.34
2002.52 3226.55
2002.74 3223.70
2002.96 3220.80
2003.18 3217.85
2003.40 3214.85
2003.62 3211.79
2003.84 3208.67
2004.06 3205.50
2004.28 3202.27
2004.50 3198.98
2004.72 3195.63
2004.94 3192.22
2005.16 3188.74
2005.38 3185.20
2005.60 3181.60
2005.82 3177.93
2006.04 3174.20
2006.26 3170.40
2006.48 3166.53
2006.70 3162.59
2006.92 3158.58
2007.14 3154.49
2007.36 3150.34
2007.58 3146.11
2007.80 3141.80
2008.02 3137.41
2008.24 3132.95
2008.46 3128.40
2008.68 3123.78
2008.90 3119.07
2009.12 3114.28
2009.34 3109.41
2009.56 3104.46
2009.78 3099.42
2010.00 3094.30
2010.22 3089.09
2010.44 3083.80
2010.66 3078.42
2010.88 3072.95
2011.10 3067.40
2011.32 3061.75
2011.54 3056.02
2011.76 3050.20
2011.98 3044.28
2012.20 3038.27
2012.42 3032.17
2012.64 3025.97
2012.86 3019.68
2013.08 3013.29
2013.30 3006.80
2013.52 3000.22
2013.74 2993.53
2013.96 2986.74
2014.18 2979.85
2014.40 2972.85
2014.62 2965.75
2014.84 2958.54
2015.06 2951.23
2015.28 2943.80
2015.50 2936.27
2015.72 2928.62
2015.94 2920.87
2016.16 2913.00
2016.38 2905.01
2016.60 2896.92
2016.82 2888.70
2017.04 2880.37
2017.26 2871.92
2017.48 2863.35
2017.70 2854.66
2017.92 2845.86
2018.14 2836.93
2018.36 2827.88
2018.58 2818.70
2018.80 2809.41
2019.02 2799.99
2019.24 2790.45
2019.46 2780.78
2019.68 2770.99
2019.90 2761.08
2020.12 2751.04
2020.34 2740.88
2020.56 2730.59
2020.78 2720.18
2021.00 2709.65
2021.22 2698.99
2021.44 2688.21
2021.66 2677.31
2021.88 2666.28
2022.10 2655.14
2022.32 2643.88
2022.54 2632.49
2022.76 2620.99
2022.98 2609.38
2023.20 2597.65
2023.42 2585.80
2023.64 2573.84
2023.86 2561.78
2024.08 2549.60
2024.30 2537.31
2024.52 2524.93
2024.74 2512.43
2024.96 2499.84
2025.18 2487.15
2025.40 2474.37
2025.62 2461.48
2025.84 2448.51
2026.06 2435.45
2026.28 2422.31
2026.50 2409.08
2026.72 2395.77
2026.94 2382.38
2027.16 2368.93
2027.38 2355.40
2027.60 2341.80
2027.82 2328.14
2028.04 2314.42
2028.26 2300.64
2028.48 2286.80
2028.70 2272.92
2028.92 2258.99
2029.14 2244.99
2029.36 2230.84
2029.58 2216.46
2029.80 2201.78
2030.02 2186.74
2030.24 2171.28
2030.46 2155.35
2030.68 2138.90
2030.90 2121.90
2031.12 2104.30
2031.34 2086.10
2031.56 2067.26
2031.78 2047.78
2032.00 2027.66
2032.22 2006.91
2032.44 1985.53
2032.66 1963.56
2032.88 1941.03
2033.10 1917.98
2033.32 1894.45
2033.54 1870.50
2033.76 1846.16
2033.98 1821.50
2034.20 1796.56
2034.42 1771.41
2034.64 1746.10
2034.86 1720.68
2035.08 1695.21
2035.30 1669.73
2035.52 1644.29
2035.74 1618.94
2035.96 1593.71
2036.18 1568.64
2036.40 1543.75
2036.62 1519.09
2036.84 1494.68
2037.06 1470.52
2037.28 1446.65
2037.50 1423.08
2037.72 1399.81
2037.94 1376.86
2038.16 1354.23
2038.38 1331.93
2038.60 1309.96
2038.82 1288.32
2039.04 1267.01
2039.26 1246.03
2039.48 1225.37
2039.70 1205.03
2039.92 1185.00
2040.14 1165.28
2040.36 1145.87
2040.58 1126.76
2040.80 1107.93
2041.02 1089.39
2041.24 1071.13
2041.46 1053.14
2041.68 1035.42
2041.90 1017.95
2042.12 1000.75
2042.34 983.80
2042.56 967.13
2042.78 950.74
2043.00 934.62
2043.22 918.79
2043.44 903.24
2043.66 887.98
2043.88 873.01
2044.10 858.32
2044.32 843.92
2044.54 829.79
2044.76 815.95
2044.98 802.38
2045.20 789.09
2045.42 776.07
2045.64 763.31
2045.86 750.82
2046.08 738.58
2046.30 726.60
2046.52 714.87
2046.74 703.38
2046.98 691.38
2047.19 680.66
2047.43 669.07
2047.63 659.16
2047.86 648.65
2048.10 637.69
2048.34 626.95
2048.58 616.45
2048.82 606.20
2049.06 596.19
2049.30 586.41
2049.54 576.86
2049.78 567.40
2050.04 557.48
2050.25 549.68
2050.48 541.58
2050.71 533.21
2050.95 524.91
2051.19 516.82
2051.43 508.91
2051.67 501.20
2051.91 493.66
2052.15 486.31
2052.39 479.13
2052.63 472.13
2052.87 465.29
2053.11 458.62
2053.35 452.11
2053.59 445.76
2053.83 439.56
2054.07 433.51
2054.31 427.61
2054.55 421.85
2054.79 416.23
2055.03 410.75
2055.27 405.41
2055.51 400.18
2055.75 395.05
2055.99 389.98
2056.23 384.98
2056.47 380.01
2056.71 375.08
2056.95 370.16
2057.19 365.27
2057.43 360.38
2057.67 355.51
2057.91 350.64
2058.15 345.79
2058.39 340.94
2058.63 336.11
2058.87 331.30
2059.11 326.52
2059.35 321.76
2059.59 317.04
2059.83 312.36
2060.07 307.73
2060.31 303.16
2060.55 298.65
2060.79 294.22
2061.03 289.86
2061.27 285.59
2061.51 281.42
2061.75 277.34
2061.99 273.36
2062.23 269.48
2062.47 265.72
2062.71 262.07
2062.95 258.53
2063.19 255.11
2063.43 251.81
2063.67 248.62
2063.91 245.55
2064.15 242.60
2064.39 239.77
2064.63 237.05
2064.87 234.44
2065.11 231.95
2065.35 229.57
2065.59 227.29
2065.83 225.14
2066.07 223.14
2066.31 221.33
2066.55 219.73
2066.79 218.32
2067.03 217.11
2067.27 216.08
2067.51 215.21
2067.75 214.47
2067.99 213.86
2068.23 213.34
2068.47 212.92
2068.71 212.56
2068.95 212.27
2069.19 212.03
2069.43 211.84
2069.67 211.68
2069.91 211.55
2070.15 211.45
2070.39 211.38
2070.63 211.32
2070.87 211.27
2071.11 211.24
2071.35 211.22
2071.59 211.21
2071.83 211.20
2072.07 211.22
2072.31 211.24
2072.55 211.25
2072.79 211.28
2073.03 211.31
2073.27 211.33
2073.51 211.36
2073.75 211.40
2073.99 211.42
2074.23 211.45
2074.47 211.49
2074.71 211.52
2074.95 211.54
2075.19 211.58
2075.43 211.61
2075.67 211.64
2075.91 211.68
2076.15 211.71
2076.39 211.74
2076.63 211.77
2076.87 211.80
2077.11 211.83
2077.35 211.86
2077.59 211.90
2077.83 211.92
2078.07 211.95
2078.31 211.98
2078.55 212.01
2078.79 212.04
2079.03 212.07
2079.27 212.10
2079.51 212.13
2079.75 212.16
2079.99 212.18
2080.23 212.21
2080.47 212.24
2080.71 212.27
2080.95 212.30
2081.19 212.32
2081.43 212.35
2081.67 212.38
2081.91 212.40
2082.15 212.43
2082.39 212.46
2082.63 212.49
2082.87 212.51
2083.11 212.54
2083.35 212.57
2083.59 212.59
2083.83 212.62
2084.07 212.65
2084.31 212.67
2084.55 212.70
2084.79 212.72
2085.03 212.75
2085.27 212.77
2085.51 212.80
2085.75 212.82
2085.99 212.85
2086.23 212.87
2086.47 212.90
2086.71 212.92
2086.95 212.95
2087.19 212.97
2087.43 212.99
2087.67 213.01
2087.91 213.04
2088.15 213.06
2088.39 213.08
2088.63 213.10
2088.87 213.12
2089.11 213.14
2089.35 213.16
2089.59 213.18
2089.83 213.20
2090.07 213.22
2090.31 213.24
2090.55 213.26
2090.79 213.28
2091.03 213.29
2091.27 213.31
2091.51 213.33
2091.75 213.34
2091.99 213.36
2092.23 213.37
2092.47 213.38
2092.71 213.40
2092.95 213.41
2093.19 213.42
2093.43 213.43
2093.67 213.44
2093.91 213.45
2094.15 213.46
2094.39 213.47
2094.63 213.48
2094.87 213.49
2095.11 213.50
2095.35 213.50
2095.59 213.51
2095.83 213.51
2096.07 213.51
2096.31 213.52
2096.55 213.52
2096.79 213.52
2097.03 213.52
2097.27 213.52
2097.51 213.52
2097.75 213.54
2097.99 213.56
2098.23 213.54
2098.47 213.51
2098.71 213.57
2098.95 213.71
2099.19 213.85
2099.43 213.97
2099.67 214.06
2099.91 214.15
2100.15 214.21
2100.39 214.24
2100.63 214.27
2100.87 214.29
2101.11 214.29
2101.35 214.29
2101.59 214.29
2101.83 214.29
2102.07 214.29
2102.31 214.29
2102.55 214.28
2102.79 214.27
2103.03 214.27
2103.27 214.25
2103.51 214.23
2103.75 214.22
2103.99 214.21
2104.23 214.20
2104.47 214.18
2104.71 214.16
2104.95 214.14
2105.19 214.12
2105.43 214.09
2105.67 214.05
2105.91 214.02
2106.15 214.00
2106.39 213.97
2106.63 213.93
2106.87 213.91
2107.11 213.87
2107.35 213.85
2107.59 213.83
2107.83 213.80
2108.07 213.76
2108.31 213.72
2108.55 213.69
2108.79 213.66
2109.03 213.62
2109.27 213.57
2109.51 213.54
2109.75 213.51
2109.99 213.47
2110.23 213.41
2110.47 213.35
2110.71 213.29
2110.95 213.25
2111.19 213.22
2111.43 213.18
2111.67 213.15
2111.91 213.11
2112.13 213.08
2112.36 213.04
2112.58 212.99
2112.79 212.95
2113.00 212.91
2113.22 212.86
2113.44 212.83
2113.66 212.78
2113.88 212.73
2114.10 212.66
2114.32 212.60
2114.54 212.55
2114.76 212.51
2114.98 212.47
2115.20 212.43
2115.42 212.39
2115.64 212.34
2115.86 212.29
2116.08 212.25
2116.30 212.20
2116.52 212.15
2116.74 212.09
2116.96 212.03
2117.18 211.96
2117.40 211.89
2117.62 211.85
2117.84 211.80
2118.06 211.75
2118.28 211.69
2118.50 211.64
2118.72 211.58
2118.94 211.53
2119.16 211.46
2119.38 211.38
2119.58 211.31
2119.79 211.26
2120.00 211.18
2120.24 211.08
2120.50 210.96
2120.74 210.89
2120.98 210.82
2121.22 210.74
2121.46 210.68
2121.70 210.60
2121.94 210.51
2122.18 210.41
2122.42 210.31
2122.66 210.23
2122.90 210.15
2123.14 210.07
2123.38 209.99
2123.62 209.91
2123.86 209.83
2124.10 209.77
2124.34 209.68
2124.58 209.58
2124.82 209.53
2125.06 209.45
2125.30 209.39
2125.54 209.29
2125.78 209.18
2126.02 209.08
2126.26 208.97
2126.50 208.88
2126.74 208.83
2126.98 208.75
2127.22 208.67
2127.46 208.59
2127.70 208.50
2127.94 208.40
2128.18 208.30
2128.42 208.20
2128.66 208.07
2128.90 207.98
2129.14 207.85
2129.38 207.76
2129.62 207.65
2129.86 207.52
2130.10 207.38
2130.34 207.28
2130.58 207.17
2130.82 207.06
2131.06 206.96
2131.30 206.83
2131.54 206.71
2131.78 206.57
2132.02 206.44
2132.26 206.30
2132.50 206.20
2132.74 206.09
2132.98 205.97
2133.22 205.85
2133.46 205.71
2133.70 205.57
2133.94 205.43
2134.18 205.28
2134.42 205.15
2134.66 204.99
2134.90 204.86
2135.14 204.66
2135.38 204.46
2135.62 204.30
2135.86 204.11
2136.10 203.93
2136.34 203.78
2136.58 203.62
2136.82 203.44
2137.06 203.22
2137.30 202.97
2137.54 202.71
2137.78 202.49
2138.02 202.27
2138.26 202.01
2138.50 201.76
2138.74 201.53
2138.98 201.29
2139.22 201.02
2139.46 200.70
2139.70 200.40
2139.94 200.11
2140.18 199.76
2140.42 199.41
2140.66 199.11
2140.90 198.74
2141.14 198.38
2141.38 198.01
2141.62 197.56
2141.86 197.16
2142.10 196.72
2142.34 196.31
2142.58 195.85
2142.82 195.43
2143.06 194.92
2143.30 194.39
2143.54 193.89
2143.78 193.38
2144.02 192.83
2144.26 192.26
2144.50 191.67
2144.74 191.10
2144.98 190.54
2145.22 190.03
2145.46 189.47
2145.70 188.96
2145.94 188.38
2146.18 187.79
2146.42 187.16
2146.66 186.55
2146.90 186.04
2147.14 185.47
2147.38 184.93
2147.62 184.32
2147.86 183.73
2148.10 183.11
2148.34 182.49
2148.58 181.95
2148.82 181.39
2149.06 180.78
2149.30 180.21
2149.54 179.64
2149.78 179.06
2150.02 178.49
2150.26 177.95
2150.50 177.41
2150.74 176.86
2150.98 176.28
2151.22 175.66
2151.46 175.01
2151.70 174.39
2151.94 173.79
2152.18 173.23
2152.42 172.67
2152.66 172.17
2152.90 171.60
2153.14 171.01
2153.38 170.39
2153.62 169.78
2153.86 169.26
2154.10 168.73
2154.34 168.23
2154.58 167.66
2154.82 167.13
2155.06 166.64
2155.30 166.07
2155.54 165.56
2155.78 165.03
2156.02 164.57
2156.26 164.04
2156.50 163.48
2156.74 162.98
2156.98 162.49
2157.22 162.04
2157.46 161.58
2157.70 161.07
2157.94 160.54
2158.18 160.00
2158.42 159.45
2158.66 158.92
2158.90 158.42
2159.14 157.97
2159.38 157.56
2159.62 157.05
2159.86 156.62
2160.10 156.14
2160.34 155.64
2160.58 155.24
2160.82 154.78
2161.06 154.33
2161.30 153.95
2161.54 153.57
2161.78 153.15
2162.02 152.72
2162.26 152.28
2162.50 151.88
2162.74 151.48
2162.98 151.11
2163.22 150.72
2163.46 150.27
2163.70 149.83
2163.94 149.40
2164.18 148.97
2164.42 148.65
2164.66 148.23
2164.90 147.88
2165.14 147.56
2165.38 147.23
2165.62 146.86
2165.86 146.45
2166.10 146.05
2166.34 145.66
2166.58 145.27
2166.82 144.88
2167.06 144.57
2167.30 144.19
2167.54 143.80
2167.78 143.46
2168.02 143.13
2168.26 142.77
2168.50 142.47
2168.74 142.22
2168.98 141.88
2169.22 141.53
2169.46 141.27
2169.70 140.97
2169.94 140.67
2170.18 140.37
2170.42 140.10
2170.66 139.79
2170.90 139.54
2171.14 139.19
2171.38 138.84
2171.62 138.58
2171.86 138.25
2172.10 137.96
2172.34 137.70
2172.58 137.44
2172.82 137.17
2173.06 136.96
2173.30 136.67
2173.54 136.35
2173.78 136.07
2174.02 135.80
2174.26 135.47
2174.50 135.19
2174.74 134.95
2174.98 134.65
2175.22 134.36
2175.46 134.06
2175.70 133.78
2175.94 133.49
2176.18 133.21
2176.42 132.91
2176.66 132.63
2176.90 132.36
2177.14 132.09
2177.38 131.92
2177.62 131.71
2177.86 131.51
2178.10 131.23
2178.34 130.94
2178.58 130.68
2178.82 130.49
2179.06 130.35
2179.30 130.12
2179.54 129.87
2179.78 129.65
2180.02 129.47
2180.26 129.32
2180.50 129.07
2180.74 128.85
2180.98 128.62
2181.22 128.36
2181.46 128.14
2181.70 128.00
2181.94 127.80
2182.18 127.62
2182.42 127.37
2182.66 127.23
2182.90 127.06
2183.14 126.91
2183.38 126.76
2183.62 126.56
2183.86 126.32
2184.10 126.12
2184.34 125.95
2184.58 125.78
2184.82 125.60
2185.06 125.47
2185.30 125.26
2185.54 125.08
2185.78 124.85
2186.02 124.61
2186.26 124.42
2186.50 124.29
2186.74 124.15
2186.98 123.98
2187.22 123.82
2187.46 123.64
2187.70 123.45
2187.94 123.26
2188.18 122.99
2188.42 122.72
2188.66 122.49
2188.90 122.38
2189.14 122.15
2189.38 122.00
2189.62 121.84
2189.86 121.64
2190.10 121.51
2190.34 121.39
2190.58 121.22
2190.82 121.00
2191.06 120.86
2191.30 120.64
2191.54 120.41
2191.78 120.23
2192.02 120.04
2192.26 119.87
2192.50 119.76
2192.74 119.56
2192.98 119.34
2193.22 119.15
2193.46 119.05
2193.70 118.90
2193.94 118.73
2194.18 118.48
2194.42 118.25
2194.66 118.06
2194.90 117.92
2195.14 117.73
2195.38 117.50
2195.62 117.31
2195.86 117.14
2196.10 117.04
2196.34 116.85
2196.58 116.64
2196.82 116.44
2197.06 116.22
2197.30 116.00
2197.54 115.82
2197.78 115.66
2198.02 115.51
2198.26 115.40
2198.50 115.24
2198.74 115.10
2198.98 114.95
2199.22 114.78
2199.46 114.66
2199.70 114.49
2199.94 114.33
2200.18 114.23
2200.42 114.12
2200.66 114.00
2200.90 113.82
2201.14 113.59
2201.38 113.38
2201.62 113.28
2201.86 113.11
2202.10 112.90
2202.34 112.79
2202.58 112.56
2202.82 112.35
2203.06 112.16
2203.30 112.07
2203.54 111.86
2203.78 111.67
2204.02 111.51
2204.26 111.31
2204.50 111.16
2204.74 111.05
2204.98 110.86
2205.22 110.64
2205.46 110.39
2205.70 110.20
2205.94 110.05
2206.18 109.83
2206.42 109.63
2206.66 109.52
2206.90 109.32
2207.14 109.12
2207.38 108.93
2207.62 108.73
2207.86 108.54
2208.10 108.39
2208.34 108.29
2208.58 108.19
2208.82 108.05
2209.06 107.89
2209.30 107.77
2209.54 107.60
2209.78 107.42
2210.02 107.25
2210.26 107.10
2210.50 106.98
2210.74 106.85
2210.98 106.68
2211.22 106.46
2211.46 106.24
2211.70 106.08
2211.94 105.93
2212.18 105.80
2212.42 105.65
2212.66 105.46
2212.90 105.37
2213.14 105.17
2213.38 105.05
2213.62 104.91
2213.86 104.74
2214.10 104.62
2214.34 104.49
2214.58 104.31
2214.82 104.17
2215.06 104.10
2215.30 103.91
2215.54 103.70
2215.78 103.52
2216.02 103.40
2216.26 103.31
2216.50 103.20
2216.74 103.02
2216.98 102.83
2217.22 102.72
2217.46 102.63
2217.70 102.51
2217.94 102.36
2218.18 102.23
2218.42 102.08
2218.66 101.89
2218.90 101.81
2219.14 101.68
2219.38 101.57
2219.62 101.38
2219.86 101.23
2220.10 101.03
2220.34 100.83
2220.58 100.76
2220.82 100.64
2221.06 100.47
2221.30 100.34
2221.54 100.22
2221.78 100.08
2222.02 99.98
2222.26 99.87
2222.50 99.68
2222.74 99.57
2222.98 99.45
2223.22 99.35
2223.46 99.23
2223.70 99.09
2223.94 98.96
2224.18 98.77
2224.42 98.59
2224.66 98.51
2224.90 98.33
2225.14 98.17
2225.38 98.00
2225.62 97.84
2225.86 97.68
2226.10 97.52
2226.34 97.33
2226.58 97.15
2226.82 97.01
2227.06 96.86
2227.30 96.72
2227.54 96.66
2227.78 96.56
2228.02 96.45
2228.26 96.33
2228.50 96.29
2228.74 96.23
2228.98 96.14
2229.22 96.07
2229.46 95.97
2229.70 95.86
2229.94 95.77
2230.18 95.69
2230.42 95.61
2230.66 95.43
2230.90 95.28
2231.14 95.18
2231.38 95.12
2231.62 94.95
2231.86 94.86
2232.10 94.74
2232.34 94.68
2232.58 94.56
2232.82 94.51
2233.06 94.36
2233.30 94.18
2233.54 94.08
2233.78 93.95
2234.02 93.84
2234.26 93.73
2234.50 93.66
2234.74 93.58
2234.98 93.46
2235.22 93.29
2235.46 93.12
2235.70 93.01
2235.94 92.89
2236.18 92.74
2236.42 92.57
2236.66 92.43
2236.90 92.40
2237.14 92.26
2237.38 92.24
2237.62 92.14
2237.86 92.00
2238.10 91.84
2238.34 91.68
2238.58 91.54
2238.82 91.42
2239.06 91.38
2239.30 91.26
2239.54 91.12
2239.78 91.04
2240.02 90.98
2240.26 90.92
2240.50 90.88
2240.74 90.83
2240.98 90.77
2241.22 90.73
2241.46 90.61
2241.70 90.50
2241.94 90.38
2242.18 90.25
2242.42 90.08
2242.66 89.95
2242.90 89.93
2243.14 89.77
2243.38 89.60
2243.62 89.46
2243.86 89.42
2244.10 89.37
2244.34 89.35
2244.58 89.23
2244.82 89.11
2245.06 88.97
2245.30 88.80
2245.54 88.66
2245.78 88.55
2246.02 88.43
2246.26 88.29
2246.50 88.18
2246.74 88.08
2246.98 88.03
2247.22 87.97
2247.46 87.96
2247.70 87.89
2247.94 87.81
2248.18 87.70
2248.42 87.71
2248.66 87.65
2248.90 87.64
2249.14 87.58
2249.38 87.54
2249.62 87.42
2249.86 87.33
2250.10 87.26
2250.34 87.22
2250.58 87.16
2250.82 87.04
2251.06 86.94
2251.30 86.90
2251.54 86.87
2251.78 86.78
2252.02 86.70
2252.26 86.68
2252.50 86.64
2252.74 86.58
2252.98 86.50
2253.22 86.45
2253.46 86.39
2253.70 86.26
2253.94 86.14
2254.18 86.05
2254.42 85.90
2254.66 85.77
2254.90 85.76
2255.14 85.69
2255.38 85.65
2255.62 85.51
2255.86 85.37
2256.10 85.28
2256.34 85.26
2256.58 85.12
2256.82 85.09
2257.06 85.00
2257.30 84.94
2257.54 84.87
2257.78 84.78
2258.02 84.70
2258.26 84.57
2258.50 84.51
2258.74 84.48
2258.98 84.39
2259.22 84.37
2259.46 84.34
2259.70 84.25
2259.94 84.17
2260.18 84.12
2260.42 83.99
2260.66 83.87
2260.90 83.85
2261.14 83.75
2261.38 83.71
2261.62 83.61
2261.86 83.55
2262.10 83.39
2262.34 83.21
2262.58 83.06
2262.82 83.06
2263.06 82.96
2263.30 82.86
2263.54 82.83
2263.78 82.78
2264.02 82.68
2264.26 82.55
2264.50 82.49
2264.74 82.48
2264.98 82.38
2265.22 82.25
2265.46 82.17
2265.70 82.17
2265.94 82.09
2266.18 82.08
2266.42 82.07
2266.66 82.01
2266.90 81.98
2267.14 81.96
2267.38 81.84
2267.62 81.73
2267.86 81.67
2268.10 81.53
2268.34 81.36
2268.58 81.22
2268.82 81.23
2269.06 81.12
2269.30 81.08
2269.54 81.06
2269.78 80.96
2270.02 80.83
2270.26 80.67
2270.50 80.52
2270.74 80.42
2270.98 80.34
2271.22 80.25
2271.46 80.21
2271.70 80.21
2271.94 80.16
2272.18 80.07
2272.42 79.96
2272.66 79.91
2272.90 79.86
2273.14 79.84
2273.38 79.84
2273.62 79.74
2273.86 79.72
2274.10 79.62
2274.34 79.52
2274.58 79.52
2274.82 79.44
2275.06 79.35
2275.30 79.25
2275.54 79.15
2275.78 79.07
2276.02 78.97
2276.26 78.86
2276.50 78.77
2276.74 78.70
2276.98 78.64
2277.22 78.66
2277.46 78.68
2277.70 78.68
2277.94 78.64
2278.18 78.61
2278.42 78.51
2278.66 78.52
2278.90 78.51
2279.14 78.52
2279.38 78.43
2279.62 78.34
2279.86 78.31
2280.10 78.22
2280.34 78.13
2280.58 78.14
2280.82 78.10
2281.06 78.08
2281.30 77.97
2281.54 77.92
2281.78 77.85
2282.02 77.82
2282.26 77.81
2282.50 77.78
2282.74 77.67
2282.98 77.62
2283.22 77.54
2283.46 77.41
2283.70 77.34
2283.94 77.28
2284.18 77.15
2284.42 77.03
2284.66 76.95
2284.90 76.94
2285.14 76.86
2285.38 76.75
2285.62 76.68
2285.86 76.63
2286.10 76.56
2286.34 76.46
2286.58 76.35
2286.82 76.39
2287.06 76.31
2287.30 76.27
2287.54 76.26
2287.78 76.22
2288.02 76.24
2288.26 76.18
2288.50 76.07
2288.74 76.04
2288.98 76.01
2289.22 76.02
2289.46 76.01
2289.70 75.93
2289.94 75.83
2290.18 75.74
2290.42 75.65
2290.66 75.56
2290.90 75.49
2291.14 75.49
2291.38 75.39
2291.62 75.31
2291.86 75.30
2292.10 75.23
2292.34 75.16
2292.58 75.20
2292.82 75.17
2293.06 75.14
2293.30 75.16
2293.54 75.16
2293.78 75.07
2294.02 75.08
2294.26 74.99
2294.50 74.98
2294.74 74.88
2294.98 74.76
2295.22 74.63
2295.46 74.53
2295.70 74.49
2295.94 74.44
2296.18 74.45
2296.42 74.47
2296.66 74.43
2296.90 74.42
2297.14 74.41
2297.38 74.40
2297.62 74.33
2297.86 74.22
2298.10 74.16
2298.34 74.13
2298.58 74.09
2298.82 74.05
2299.06 73.97
2299.30 73.84
2299.54 73.74
2299.78 73.68
2300.02 73.62
2300.26 73.55
2300.50 73.52
2300.74 73.49
2300.98 73.43
2301.22 73.40
2301.46 73.35
2301.70 73.33
2301.94 73.26
2302.18 73.19
2302.42 73.14
2302.66 73.12
2302.90 73.06
2303.14 72.98
2303.38 72.86
2303.62 72.76
2303.86 72.75
2304.10 72.67
2304.34 72.67
2304.58 72.67
2304.82 72.65
2305.06 72.61
2305.30 72.51
2305.54 72.39
2305.78 72.31
2306.02 72.26
2306.26 72.30
2306.50 72.24
2306.74 72.22
2306.98 72.19
2307.22 72.06
2307.46 71.94
2307.70 71.90
2307.94 71.87
2308.18 71.77
2308.42 71.65
2308.66 71.60
2308.90 71.65
2309.14 71.57
2309.38 71.59
2309.62 71.59
2309.86 71.54
2310.10 71.56
2310.34 71.58
2310.58 71.55
2310.82 71.47
2311.06 71.39
2311.30 71.31
2311.54 71.23
2311.78 71.16
2312.02 71.13
2312.26 71.11
2312.50 71.12
2312.74 71.12
2312.98 71.12
2313.22 71.09
2313.46 70.98
2313.70 70.90
2313.94 70.87
2314.18 70.90
2314.42 70.92
2314.66 70.92
2314.90 70.85
2315.14 70.74
2315.38 70.65
2315.62 70.68
2315.86 70.62
2316.10 70.59
2316.34 70.58
2316.58 70.56
2316.82 70.47
2317.06 70.38
2317.30 70.27
2317.54 70.17
2317.78 70.10
2318.02 70.01
2318.26 69.91
2318.50 69.83
2318.74 69.77
2318.98 69.77
2319.22 69.74
2319.46 69.67
2319.70 69.65
2319.94 69.63
2320.18 69.53
2320.42 69.43
2320.66 69.32
2320.90 69.08
2321.14 68.02
2321.38 65.89
2321.62 61.37
2321.86 52.41
2322.10 42.77
2322.34 34.65
2322.58 28.24
2322.82 25.05
2323.06 22.28
2323.30 20.88
2323.54 19.35
2323.78 18.67
2324.02 18.43
2324.26 18.41
2324.50 18.39
2324.74 18.43
2324.98 18.28
2325.22 18.32
2325.46 18.30
2325.70 18.02
2325.94 17.84
2326.18 17.87
2326.42 18.00
2326.66 17.94
2326.90 18.05
2327.14 18.16
2327.38 18.23
2327.62 18.07
2327.86 17.80
2328.10 17.55
2328.34 17.22
2328.58 17.03
2328.82 17.12
2329.06 17.29
2329.30 17.70
2329.54 17.47
2329.78 17.51
2330.02 17.59
2330.26 17.33
2330.50 17.49
2330.74 17.81
2330.98 17.79
2331.22 17.94
2331.46 17.89
2331.70 17.81
2331.94 17.74
2332.18 17.77
2332.42 17.41
2332.66 17.36
2332.90 17.77
2333.14 17.30
2333.38 16.86
2333.62 16.84
2333.86 17.30
2334.10 17.21
2334.34 17.55
2334.58 17.84
2334.82 17.91
2335.06 18.00
2335.30 18.10
2335.54 18.06
2335.78 17.78
2336.02 17.66
2336.26 17.85
2336.50 18.00
2336.74 17.96
2336.98 17.79
2337.22 17.41
2337.46 17.04
2337.70 17.16
2337.94 17.45
2338.18 17.65
2338.42 17.63
2338.66 17.52
2338.90 17.56
2339.14 17.78
2339.38 17.93
2339.62 17.97
2339.86 17.78
2340.10 17.98
2340.34 17.99
2340.58 17.81
2340.82 17.59
2341.06 17.25
2341.30 16.96
2341.54 16.93
2341.78 17.04
2342.02 17.15
2342.26 17.09
2342.50 16.97
2342.74 17.06
2342.98 17.01
2343.22 17.08
2343.46 17.45
2343.70 17.63
2343.94 17.65
2344.18 17.35
2344.42 17.63
2344.66 17.79
2344.90 17.91
2345.14 17.95
2345.38 17.98
2345.62 17.72
2345.86 17.49
2346.10 17.11
2346.34 16.84
2346.58 16.95
2346.82 17.24
2347.06 17.50
2347.30 17.72
2347.54 17.38
2347.78 17.42
2348.02 17.60
2348.26 17.77
2348.50 17.51
2348.74 17.26
2348.98 17.18
2349.22 16.82
2349.46 16.59
2349.70 16.73
2349.94 16.80
2350.18 16.54
2350.42 16.29
2350.66 16.39
2350.90 16.69
2351.14 17.04
2351.38 17.34
2351.62 17.13
2351.86 17.42
2352.10 17.21
2352.34 17.02
2352.58 17.45
2352.82 17.35
2353.06 17.26
2353.30 17.21
2353.54 17.18
2353.78 17.16
2354.02 17.46
2354.26 17.28
2354.50 17.03
2354.74 17.37
2354.98 17.53
2355.22 17.76
2355.46 17.51
2355.70 17.42
2355.94 17.51
2356.18 17.62
2356.42 17.24
2356.66 17.09
2356.90 17.05
2357.14 16.81
2357.38 16.67
2357.62 16.75
2357.86 16.88
2358.10 16.96
2358.34 17.01
2358.58 17.03
2358.82 17.05
2359.06 17.40
2359.30 17.17
2359.54 16.96
2359.78 17.13
2360.02 17.31
2360.26 17.46
2360.50 17.61
2360.74 17.76
2360.98 17.77
2361.22 17.82
2361.46 17.56
2361.70 17.22
2361.94 17.18
2362.18 17.38
2362.42 17.40
2362.66 17.17
2362.90 17.55
2363.14 17.21
2363.38 17.45
2363.62 17.56
2363.86 17.43
2364.10 17.23
2364.34 17.44
2364.58 17.47
2364.82 17.79
2365.06 17.43
2365.30 17.38
2365.54 17.51
2365.78 17.45
2366.02 17.40
2366.26 17.02
2366.50 16.69
2366.74 16.68
2366.98 16.81
2367.22 17.24
2367.46 17.19
2367.70 17.53
2367.94 17.52
2368.18 17.59
2368.42 17.45
2368.66 17.22
2368.90 17.53
2369.14 17.18
2369.38 17.43
2369.62 17.36
2369.86 17.19
2370.10 16.83
2370.34 16.57
2370.58 16.70
2370.82 17.00
2371.06 17.21
2371.30 17.45
2371.54 17.61
2371.78 17.41
2372.02 17.53
2372.26 17.62
2372.50 17.68
2372.74 17.63
2372.98 17.42
2373.22 17.05
2373.46 17.02
2373.70 17.41
2373.94 17.34
2374.18 17.53
2374.42 17.64
2374.66 17.58
2374.90 17.70
2375.14 17.76
2375.38 17.28
2375.62 17.06
2375.86 17.29
2376.10 16.92
2376.34 16.45
2376.58 16.37
2376.82 17.00
2377.06 16.87
2377.30 17.04
2377.54 17.23
2377.78 17.12
2378.02 16.85
2378.26 16.58
2378.50 16.53
2378.74 16.64
2378.98 16.74
2379.22 16.79
2379.46 16.82
2379.70 16.84
2379.94 16.95
2380.18 17.10
2380.42 16.82
2380.66 16.82
2380.90 17.30
2381.14 17.33
2381.38 17.38
2381.62 17.02
2381.86 16.94
2382.10 16.78
2382.34 16.67
2382.58 17.16
2382.82 17.36
2383.06 17.49
2383.30 17.54
2383.54 17.61
2383.78 17.46
2384.02 17.60
2384.26 17.60
2384.50 17.19
2384.74 17.34
2384.98 17.24
2385.22 17.04
2385.46 17.31
2385.70 17.17
2385.94 16.94
2386.18 16.78
2386.42 17.19
2386.66 17.02
2386.90 17.23
2387.14 17.34
2387.38 17.23
2387.62 17.12
2387.86 17.08
2388.10 16.92
2388.34 17.16
2388.58 17.21
2388.82 17.53
2389.06 17.34
2389.30 17.44
2389.54 17.36
2389.78 17.30
2390.02 17.30
2390.26 17.34
2390.50 17.42
2390.74 17.53
2390.98 17.40
2391.22 16.94
2391.46 16.83
2391.70 17.06
2391.94 16.95
2392.18 17.13
2392.42 17.34
2392.66 17.43
2392.90 17.28
2393.14 16.98
2393.38 16.57
2393.62 16.45
2393.86 16.84
2394.10 16.70
2394.34 16.55
2394.58 17.00
2394.82 16.92
2395.06 17.19
2395.30 16.90
2395.54 16.66
2395.78 16.81
2396.02 16.90
2396.26 16.66
2396.50 16.82
2396.74 17.14
2396.98 17.32
2397.22 17.42
2397.46 17.11
2397.70 17.03
2397.94 17.13
2398.18 17.14
2398.42 17.37
2398.66 17.21
2398.90 17.44
2399.14 16.98
2399.38 16.72
2399.62 17.03
2399.86 16.89
2400.10 16.72
2400.34 16.44
2400.58 16.28
2400.82 16.40
2401.06 16.52
2401.30 16.95
2401.54 17.04
2401.78 17.12
2402.02 16.99
2402.26 16.63
2402.50 16.34
2402.74 16.72
2402.98 16.95
2403.22 17.22
2403.46 16.99
2403.70 16.92
2403.94 16.89
2404.18 16.64
2404.42 16.58
2404.66 17.08
2404.90 17.03
2405.14 16.92
2405.38 17.06
2405.62 17.18
2405.86 17.08
2406.10 17.19
2406.34 17.31
2406.58 17.37
2406.82 17.36
2407.06 17.15
2407.30 16.66
2407.54 16.33
2407.78 16.35
2408.02 16.46
2408.26 16.88
2408.50 16.86
2408.74 17.13
2408.98 17.00
2409.22 16.66
2409.46 16.31
2409.70 16.45
2409.94 16.75
2410.18 16.95
2410.42 16.93
2410.66 16.81
2410.90 16.86
2411.14 17.07
2411.38 16.74
2411.62 17.05
2411.86 16.95
2412.10 17.23
2412.34 16.83
2412.58 16.61
2412.82 16.84
2413.06 17.04
2413.30 17.21
2413.54 17.21
2413.78 16.95
2414.02 16.75
2414.26 16.45
2414.50 16.21
2414.74 16.22
2414.98 16.39
2415.22 16.79
2415.46 16.74
2415.70 16.69
2415.94 16.81
2416.18 16.52
2416.42 16.43
2416.66 16.84
2416.90 16.71
2417.14 16.85
2417.38 17.07
2417.62 17.19
2417.86 17.10
2418.10 16.92
2418.34 16.85
2418.58 16.99
2418.82 17.02
2419.06 17.23
2419.30 16.89
2419.54 16.56
2419.78 16.53
2420.02 16.37
2420.26 16.47
2420.50 16.76
2420.74 16.90
2420.98 16.96
2421.22 17.13
2421.46 17.20
2421.70 16.97
2421.94 16.77
2422.18 16.65
2422.42 16.58
2422.66 16.53
2422.90 16.53
2423.14 16.79
2423.38 16.49
2423.62 16.39
2423.86 16.71
2424.10 16.51
2424.34 16.79
2424.58 17.04
2424.82 17.07
2425.06 16.83
2425.30 16.82
2425.54 16.93
2425.78 16.92
2426.02 16.94
2426.26 16.98
2426.50 17.07
2426.74 17.19
2426.98 17.05
2427.22 16.60
2427.46 16.49
2427.70 16.73
2427.94 16.66
2428.18 16.75
2428.42 16.93
2428.66 16.89
2428.90 17.06
2429.14 17.17
2429.38 16.72
2429.62 16.53
2429.86 16.78
2430.10 16.53
2430.34 16.31
2430.58 16.73
2430.82 16.63
2431.06 16.53
2431.30 16.48
2431.54 16.44
2431.78 16.42
2432.02 16.43
2432.26 16.32
2432.50 16.17
2432.74 16.24
2432.98 16.19
2433.22 16.25
2433.46 16.61
2433.70 16.78
2433.94 16.75
2434.18 16.30
2434.42 16.08
2434.66 16.18
2434.90 16.61
2435.14 16.87
2435.38 16.52
2435.62 16.39
2435.86 16.70
2436.10 16.72
2436.34 16.90
2436.58 16.60
2436.82 16.69
2437.06 16.49
2437.30 16.25
2437.54 16.54
2437.78 16.69
2438.02 16.97
2438.26 16.67
2438.50 16.60
2438.74 17.04
2438.98 16.98
2439.22 17.08
2439.46 17.10
2439.70 16.85
2439.94 16.68
2440.18 16.73
2440.42 16.87
2440.66 16.81
2440.90 16.96
2441.14 16.99
2441.38 17.04
2441.62 16.78
2441.86 16.56
2442.10 16.31
2442.34 16.56
2442.58 16.66
2442.82 17.00
2443.06 16.83
2443.30 16.93
2443.54 16.85
2443.78 16.79
2444.02 16.61
2444.26 16.04
2444.50 15.77
2444.74 16.24
2444.98 16.40
2445.22 16.27
2445.46 16.51
2445.70 16.68
2445.94 16.69
2446.18 16.88
2446.42 16.97
2446.66 16.79
2446.90 16.59
2447.14 16.74
2447.38 16.37
2447.62 16.23
2447.86 16.52
2448.10 16.28
2448.34 16.56
2448.58 16.60
2448.82 16.48
2449.06 16.24
2449.30 16.39
2449.54 16.57
2449.78 16.63
2450.02 16.49
2450.26 16.06
2450.50 15.97
2450.74 16.35
2450.98 16.41
2451.22 16.15
2451.46 15.97
2451.70 16.18
2451.94 16.40
2452.18 16.58
2452.42 16.26
2452.66 16.16
2452.90 16.13
2453.14 15.88
2453.38 15.74
2453.62 15.97
2453.86 16.20
2454.10 16.43
2454.34 16.63
2454.58 16.82
2454.82 16.57
2455.06 16.61
2455.30 16.67
2455.54 16.77
2455.78 16.59
2456.02 16.72
2456.26 16.82
2456.50 16.88
2456.74 16.83
2456.98 16.62
2457.22 16.26
2457.46 16.24
2457.70 16.64
2457.94 16.54
2458.18 16.57
2458.42 16.56
2458.66 16.23
2458.90 16.21
2459.14 16.36
2459.38 16.54
2459.62 16.25
2459.86 16.49
2460.10 16.28
2460.34 16.10
2460.58 16.51
2460.82 16.63
2461.06 16.41
2461.30 16.03
2461.54 15.80
2461.78 16.02
2462.02 16.17
2462.26 15.97
2462.50 16.08
2462.74 16.35
2462.98 16.26
2463.22 16.20
2463.46 16.17
2463.70 16.15
2463.94 16.15
2464.18 16.39
2464.42 16.63
2464.66 16.74
2464.90 16.61
2465.14 16.68
2465.38 16.71
2465.62 16.63
2465.86 16.41
2466.10 16.46
2466.34 16.58
2466.58 16.65
2466.82 16.69
2467.06 16.49
2467.30 16.07
2467.54 15.96
2467.78 16.10
2468.02 16.47
2468.26 16.61
2468.50 16.29
2468.74 16.50
2468.98 16.47
2469.22 16.22
2469.46 16.40
2469.70 16.53
2469.94 16.50
2470.18 16.58
2470.42 16.59
2470.66 16.42
2470.90 16.61
2471.14 16.75
2471.38 16.28
2471.62 16.11
2471.86 16.18
2472.10 16.46
2472.34 16.64
2472.58 16.61
2472.82 16.37
2473.06 16.35
2473.30 16.56
2473.54 16.70
2473.78 16.58
2474.02 16.74
2474.26 16.75
2474.50 16.35
2474.74 16.51
2474.98 16.57
2475.22 16.74
2475.46 16.44
2475.70 16.34
2475.94 16.28
2476.18 16.02
2476.42 15.96
2476.66 16.46
2476.90 16.40
2477.14 16.28
2477.38 16.43
2477.62 16.54
2477.86 16.48
2478.10 16.52
2478.34 16.59
2478.58 16.20
2478.82 16.57
2479.06 16.44
2479.30 16.58
2479.54 16.51
2479.78 16.46
2480.02 16.37
2480.26 16.01
2480.50 16.05
2480.74 16.27
2480.98 16.15
2481.22 16.07
2481.46 16.03
2481.70 16.00
2481.94 15.98
2482.18 15.82
2482.42 15.60
2482.66 15.56
2482.90 15.72
2483.14 15.68
2483.38 15.70
2483.62 16.22
2483.86 16.17
2484.10 16.04
2484.34 16.30
2484.58 16.34
2484.82 16.67
2485.06 16.47
2485.30 16.57
2485.54 16.49
2485.78 16.43
2486.02 16.50
2486.26 16.60
2486.50 16.29
2486.74 16.02
2486.98 16.02
2487.22 16.33
2487.46 16.21
2487.70 16.12
2487.94 16.27
2488.18 16.30
2488.42 16.54
2488.66 16.39
2488.90 16.63
2489.14 16.17
2489.38 15.92
2489.62 16.24
2489.86 16.10
2490.10 16.19
2490.34 16.34
2490.58 16.43
2490.82 16.47
2491.06 16.28
2491.30 15.87
2491.54 15.76
2491.78 15.90
2492.02 15.95
2492.26 15.70
2492.50 15.48
2492.74 15.90
2492.98 15.99
2493.22 15.92
2493.46 16.25
2493.70 16.14
2493.94 15.94
2494.18 15.63
2494.42 15.50
2494.66 15.60
2494.90 15.73
2495.14 16.06
2495.38 15.81
2495.62 15.74
2495.86 16.10
2496.10 16.08
2496.34 16.45
2496.58 16.31
2496.82 16.60
2497.06 16.45
2497.30 16.61
2497.54 16.19
2497.78 16.12
2498.02 16.06
2498.26 15.74
2498.50 15.48
2498.74 15.88
2498.98 15.98
2499.22 15.53
2499.46 15.25
2499.70 15.52
2499.94 15.90
2500.18 16.12
2500.42 16.13
2500.66 15.85
2500.90 15.83
2501.14 15.56
2501.38 15.26
2501.62 15.31
2501.86 15.49
2502.10 15.40
2502.34 15.31
2502.58 15.41
2502.82 15.57
2503.06 15.85
2503.30 16.06
2503.54 16.24
2503.78 16.11
2504.02 16.04
2504.26 15.96
2504.50 16.23
2504.74 16.44
2504.98 16.43
2505.22 16.55
2505.46 16.23
2505.70 16.11
2505.94 16.09
2506.18 16.25
2506.42 16.28
2506.66 16.36
2506.90 16.11
2507.14 16.18
2507.38 16.36
2507.62 16.46
2507.86 16.29
2508.10 16.36
2508.34 16.46
2508.58 16.50
2508.82 16.48
2509.06 16.50
2509.30 16.55
2509.54 16.47
2509.78 16.17
2510.02 16.31
2510.26 16.02
2510.50 15.72
2510.74 16.03
2510.98 16.19
2511.22 16.33
2511.46 16.12
2511.70 15.82
2511.94 15.81
2512.18 16.03
2512.42 16.05
2512.66 15.82
2512.90 16.24
2513.14 16.12
2513.38 16.36
2513.62 16.17
2513.86 16.30
2514.10 15.98
2514.34 15.73
2514.58 16.12
2514.82 16.22
2515.06 16.23
2515.30 16.36
2515.54 16.43
2515.78 16.19
2516.02 16.44
2516.26 16.15
2516.50 15.79
2516.74 16.08
2516.98 16.15
2517.22 16.32
2517.46 16.27
2517.70 16.23
2517.94 16.14
2518.18 15.59
2518.42 15.19
2518.66 15.29
2518.90 15.88
2519.14 15.67
2519.38 15.59
2519.62 16.05
2519.86 16.06
2520.10 15.80
2520.34 15.59
2520.58 16.02
2520.82 16.13
2521.06 15.87
2521.30 15.60
2521.54 15.88
2521.78 16.01
2522.02 16.09
2522.26 16.25
2522.50 16.35
2522.74 16.46
2522.98 16.51
2523.22 16.27
2523.46 15.83
2523.70 15.87
2523.94 15.92
2524.18 15.45
2524.42 15.10
2524.66 15.22
2524.90 15.77
2525.14 15.59
2525.38 15.94
2525.62 15.91
2525.86 15.77
2526.10 15.38
2526.34 14.98
2526.58 14.91
2526.82 15.16
2527.06 15.27
2527.30 15.26
2527.54 15.67
2527.78 15.79
2528.02 15.81
2528.26 15.50
2528.50 15.38
2528.74 15.58
2528.98 15.92
2529.22 16.13
2529.46 15.88
2529.70 15.84
2529.94 15.92
2530.18 15.61
2530.42 15.50
2530.66 15.90
2530.90 15.77
2531.14 15.68
2531.38 15.47
2531.62 15.40
2531.86 15.45
2532.10 15.27
2532.34 15.14
2532.58 15.21
2532.82 15.36
2533.06 15.56
2533.30 15.89
2533.54 16.11
2533.78 16.03
2534.02 16.25
2534.26 15.91
2534.50 15.82
2534.74 16.26
2534.98 16.35
2535.22 16.14
2535.46 15.71
2535.70 15.77
2535.94 15.87
2536.18 15.58
2536.42 15.54
2536.66 16.01
2536.90 15.96
2537.14 16.09
2537.38 15.72
2537.62 16.02
2537.86 15.89
2538.10 16.08
2538.34 16.20
2538.58 16.13
2538.82 15.87
2539.06 16.07
2539.30 15.73
2539.54 15.47
2539.78 15.61
2540.02 15.59
2540.26 15.24
2540.50 15.20
2540.74 15.61
2540.98 15.67
2541.22 15.42
2541.46 15.25
2541.70 15.46
2541.94 15.55
2542.18 15.40
2542.42 15.13
2542.66 15.18
2542.90 15.72
2543.14 15.50
2543.38 15.80
2543.62 15.94
2543.86 15.85
2544.10 16.13
2544.34 15.71
2544.58 15.50
2544.82 15.74
2545.06 15.94
2545.30 16.10
2545.54 16.09
2545.78 15.84
2546.02 15.68
2546.26 15.58
2546.50 15.53
2546.74 15.50
2546.98 15.76
2547.22 15.67
2547.46 15.39
2547.70 15.52
2547.94 15.69
2548.18 15.44
2548.42 15.42
2548.66 15.90
2548.90 15.85
2549.14 16.01
2549.38 16.11
2549.62 16.12
2549.86 15.91
2550.10 16.11
2550.34 16.11
2550.58 15.92
2550.82 15.71
2551.06 15.36
2551.30 15.07
2551.54 15.14
2551.78 15.36
2552.02 15.62
2552.26 15.88
2552.50 16.03
2552.74 16.17
2552.98 16.08
2553.22 16.16
2553.46 16.17
2553.70 15.90
2553.94 15.74
2554.18 15.79
2554.42 15.94
2554.66 15.87
2554.90 15.95
2555.14 15.64
2555.38 15.28
2555.62 15.34
2555.86 15.53
2556.10 15.53
2556.34 15.56
2556.58 15.77
2556.82 15.82
2557.06 15.69
2557.30 15.78
2557.54 15.87
2557.78 15.80
2558.02 15.75
2558.26 15.67
2558.50 15.77
2558.74 15.80
2558.98 15.70
2559.22 15.38
2559.46 15.06
2559.70 15.22
2559.94 15.45
2560.18 15.30
2560.42 15.65
2560.66 15.84
2560.90 15.91
2561.14 15.64
2561.38 15.19
2561.62 15.02
2561.86 15.16
2562.10 15.35
2562.34 15.66
2562.58 15.40
2562.82 15.81
2563.06 15.48
2563.30 14.98
2563.54 14.82
2563.78 15.13
2564.02 15.25
2564.26 14.87
2564.50 14.71
2564.74 15.24
2564.98 15.42
2565.22 15.30
2565.46 15.55
2565.70 15.72
2565.94 15.73
2566.18 15.91
2566.42 16.00
2566.66 15.81
2566.90 15.59
2567.14 15.47
2567.38 15.40
2567.62 15.36
2567.86 15.34
2568.10 15.50
2568.34 15.68
2568.58 15.79
2568.82 15.84
2569.06 16.09
2569.30 15.67
2569.54 15.36
2569.78 15.36
2570.02 15.62
2570.26 15.79
2570.50 15.90
2570.74 15.87
2570.98 15.68
2571.22 15.33
2571.46 15.33
2571.70 15.73
2571.94 15.65
2572.18 15.79
2572.42 15.80
2572.66 15.86
2572.90 15.61
2573.14 15.45
2573.38 15.20
2573.62 15.12
2573.86 15.16
2574.10 14.97
2574.34 14.83
2574.58 14.91
2574.82 15.06
2575.06 15.48
2575.30 15.28
2575.54 15.11
2575.78 15.29
2576.02 15.30
2576.26 14.86
2576.50 14.67
2576.74 15.18
2576.98 15.30
2577.22 14.97
2577.46 14.88
2577.70 15.06
2577.94 15.23
2578.18 15.15
2578.42 15.58
2578.66 15.59
2578.90 15.90
2579.14 15.80
2579.38 15.81
2579.62 15.52
2579.86 15.51
2580.10 15.68
2580.34 15.82
2580.58 15.89
2580.82 15.89
2581.06 15.92
2581.30 15.98
2581.54 15.91
2581.78 15.61
2582.02 15.63
2582.26 15.63
2582.50 15.76
2582.74 15.87
2582.98 15.81
2583.22 15.91
2583.46 15.93
2583.70 15.67
2583.94 15.45
2584.18 15.18
2584.42 14.90
2584.66 14.83
2584.90 15.00
2585.14 15.25
2585.38 15.48
2585.58 15.24
2585.81 15.53
2586.01 15.42
2586.22 15.19
2586.42 15.23
2586.64 15.62
2586.86 15.60
2587.08 15.66
2587.30 15.73
2587.52 15.72
2587.74 15.56
2587.96 15.68
2588.18 15.52
2588.40 15.21
2588.62 15.17
2588.84 15.50
2589.06 15.18
2589.28 14.78
2589.50 14.64
2589.72 15.00
2589.94 15.21
2590.16 15.09
2590.38 15.40
2590.60 15.59
2590.82 15.57
2591.04 15.70
2591.27 15.81
2591.48 15.81
2591.72 15.56
2591.93 15.41
2592.16 15.54
2592.40 15.72
2592.64 15.79
2592.88 15.75
2593.12 15.41
2593.36 14.99
2593.60 14.85
2593.84 15.35
2594.08 15.41
2594.32 15.63
2594.56 15.33
2594.80 15.38
2595.04 15.48
2595.28 15.66
2595.52 15.77
2595.76 15.62
2596.00 15.84
2596.24 15.58
2596.48 15.69
2596.72 15.52
2596.96 15.22
2597.20 14.89
2597.44 14.77
2597.68 14.87
2597.92 14.98
2598.16 15.16
2598.40 14.96
2598.64 14.93
2598.88 14.96
2599.12 14.90
2599.36 15.25
2599.60 15.36
2599.84 15.65
2600.08 15.32
2600.32 15.45
2600.56 15.64
2600.80 15.53
2601.04 15.81
2601.28 15.59
2601.52 15.61
2601.76 15.39
2602.00 15.08
2602.24 14.75
2602.48 14.73
2602.72 15.00
2602.96 15.31
2603.20 15.51
2603.44 15.33
2603.68 15.25
2603.92 15.49
2604.16 15.54
2604.40 15.50
2604.64 15.16
2604.88 15.10
2605.12 14.84
2605.36 14.53
2605.60 14.55
2605.84 14.75
2606.08 14.59
2606.32 14.30
2606.56 14.28
2606.80 14.54
2607.04 14.82
2607.28 15.26
2607.52 15.09
2607.76 15.17
2608.00 15.28
2608.24 14.98
2608.48 15.02
2608.72 15.24
2608.96 15.14
2609.20 15.09
2609.44 15.06
2609.68 15.04
2609.92 15.10
2610.16 15.30
2610.40 14.99
2610.64 14.96
2610.88 15.37
2611.12 15.39
2611.36 15.49
2611.60 15.23
2611.84 15.26
2612.08 15.55
2612.29 15.27
2612.51 15.01
2612.72 15.00
2612.93 14.89
2613.14 14.70
2613.36 14.60
2613.58 14.68
2613.80 14.80
2614.02 14.87
2614.24 14.91
2614.46 14.94
2614.68 14.96
2614.90 15.03
2615.12 15.24
2615.34 14.99
2615.56 14.88
2615.78 15.20
2616.00 15.25
2616.22 15.42
2616.44 15.49
2616.66 15.45
2616.88 15.60
2617.10 15.53
2617.32 15.55
