0.00 0.00
0.50 2.19
1.00 4.39
1.50 6.63
2.00 8.86
2.50 11.11
3.00 13.36
3.50 15.63
4.00 17.92
4.50 20.21
5.00 22.52
5.50 24.85
6.00 27.18
6.50 29.54
7.00 31.90
7.50 34.28
8.00 36.67
8.50 39.08
9.00 41.48
9.50 43.92
10.00 46.37
10.50 48.83
11.00 51.31
11.50 53.80
12.00 56.31
12.50 58.84
13.00 61.37
13.50 63.93
14.00 66.49
14.50 69.08
15.00 71.67
15.50 74.29
16.00 76.91
16.50 79.56
17.00 82.22
17.50 84.89
18.00 87.58
18.50 90.29
19.00 93.01
19.50 95.74
20.00 98.50
20.50 101.26
21.00 104.05
21.50 106.85
22.00 109.69
22.50 112.53
23.00 115.38
23.50 118.24
24.00 121.13
24.50 124.03
25.00 126.94
25.50 129.87
26.00 132.82
26.50 135.79
27.00 138.78
27.50 141.78
28.00 144.79
28.50 147.83
29.00 150.88
29.50 153.95
30.00 157.04
30.50 160.15
31.00 163.27
31.50 166.41
32.00 169.57
32.50 172.75
33.00 175.94
33.50 179.16
34.00 182.39
34.50 185.64
35.00 188.91
35.50 192.20
36.00 195.51
36.50 198.80
37.00 202.14
37.50 205.51
38.00 208.89
38.50 212.29
39.00 215.71
39.50 219.15
40.00 222.61
40.50 226.09
41.00 229.59
41.50 233.11
42.00 236.65
42.50 240.21
43.00 243.79
43.50 247.39
44.00 251.01
44.50 254.65
45.00 258.32
45.50 262.00
46.00 265.70
46.50 269.43
47.00 273.17
47.50 276.94
48.00 280.73
48.50 284.54
49.00 288.37
49.50 292.22
50.00 296.09
50.50 299.99
51.00 303.91
51.50 307.85
52.00 311.81
52.50 315.80
53.00 319.81
53.50 323.84
54.00 327.89
54.50 331.97
55.00 336.07
55.50 340.19
56.00 344.34
56.50 348.50
57.00 352.70
57.50 356.91
58.00 361.15
58.50 365.42
59.00 369.71
59.50 374.02
60.00 378.35
60.50 382.71
61.00 387.10
61.50 391.51
62.00 395.94
62.50 400.40
63.00 404.89
63.50 409.40
64.00 413.93
64.50 418.50
65.00 423.08
65.50 427.69
66.00 432.33
66.50 437.00
67.00 441.69
67.50 446.40
68.00 451.14
68.50 455.91
69.00 460.71
69.50 465.53
70.00 470.38
70.50 475.26
71.00 480.16
71.50 485.09
72.00 490.05
72.50 495.03
73.00 500.05
73.50 505.09
74.00 510.16
74.50 515.25
75.00 520.38
75.50 525.53
76.00 530.71
76.50 535.92
77.00 541.16
77.50 546.43
78.00 551.72
78.50 557.05
79.00 562.40
79.50 567.79
80.00 573.25
80.50 578.69
81.00 584.16
81.50 589.66
82.00 595.19
82.50 600.75
83.00 606.34
83.50 611.96
84.00 617.61
84.50 623.29
85.00 629.00
85.50 634.74
86.00 640.51
86.50 646.30
87.00 652.13
87.50 657.99
88.00 663.88
88.50 669.80
89.00 675.75
89.50 681.73
90.00 687.74
90.50 693.78
91.00 699.85
91.50 705.95
92.00 712.08
92.50 718.24
93.00 724.43
93.50 730.66
94.00 736.91
94.50 743.19
95.00 749.50
95.50 755.84
96.00 762.21
96.50 768.61
97.00 775.04
97.50 781.49
98.00 787.98
98.50 794.50
99.00 801.04
99.50 807.61
100.00 814.22
100.50 820.85
101.00 827.50
101.50 834.19
102.00 840.90
102.50 847.64
103.00 854.41
103.50 861.20
104.00 868.02
104.50 874.87
105.00 881.74
105.50 888.63
106.00 895.55
106.50 902.50
107.00 909.47
107.50 916.46
108.00 923.48
108.50 930.52
109.00 937.59
109.50 944.72
110.00 951.93
110.50 959.21
111.00 966.57
111.50 974.00
112.00 981.51
112.50 989.08
113.00 996.73
113.50 1004.46
114.00 1012.25
114.50 1020.12
115.00 1028.05
115.50 1036.06
116.00 1044.14
116.50 1052.29
117.00 1060.50
117.50 1068.79
118.00 1072.34
118.50 1068.68
119.00 1065.04
119.50 1061.40
120.00 1057.78
120.50 1054.16
121.00 1050.55
121.50 1046.94
122.00 1043.35
122.50 1039.76
123.00 1036.19
123.50 1032.62
124.00 1029.05
124.50 1025.50
125.00 1021.96
125.50 1018.42
126.00 1014.89
126.50 1011.37
127.00 1007.86
127.50 1004.36
128.00 1000.86
128.50 997.38
129.00 993.90
129.50 990.43
130.00 986.96
130.50 983.51
131.00 980.06
131.50 976.63
132.00 973.20
132.50 969.78
133.00 966.36
133.50 962.96
134.00 959.56
134.50 956.17
135.00 952.79
135.50 949.42
136.00 946.05
136.50 942.70
137.00 939.35
137.50 936.01
138.00 932.68
138.50 929.36
139.00 926.04
139.50 922.73
140.00 919.44
140.50 916.15
141.00 912.86
141.50 909.59
142.00 906.32
142.50 903.07
143.00 899.82
143.50 896.58
144.00 893.35
144.50 890.12
145.00 886.91
145.50 883.70
146.00 880.50
146.50 877.31
147.00 874.13
147.50 870.95
148.00 867.79
148.50 864.63
149.00 861.48
149.50 858.34
150.00 855.21
150.50 852.09
151.00 848.98
151.50 845.87
152.00 842.77
152.50 839.68
153.00 836.60
153.50 833.53
154.00 830.47
154.50 827.42
155.00 824.37
155.50 821.33
156.00 818.31
156.50 815.29
157.00 812.28
157.50 809.28
158.00 806.29
158.50 803.30
159.00 800.33
159.50 797.36
160.00 794.41
160.50 791.46
161.00 788.52
161.50 785.59
162.00 782.67
162.50 779.76
163.00 776.86
163.50 773.97
164.00 771.09
164.50 768.21
165.00 765.35
165.50 762.50
166.00 759.65
166.50 756.82
167.00 753.99
167.50 751.17
168.00 748.37
168.50 745.57
169.00 742.79
169.50 740.01
170.00 737.24
170.50 734.48
171.00 731.74
171.50 729.00
172.00 726.27
172.50 723.56
173.00 720.85
173.50 718.15
174.00 715.47
174.50 712.79
175.00 710.13
175.50 707.47
176.00 704.83
176.50 702.20
177.00 699.57
177.50 696.96
178.00 694.36
178.50 691.77
179.00 689.19
179.50 686.62
180.00 684.07
180.50 681.52
181.00 678.99
181.50 676.46
182.00 673.95
182.50 671.45
183.00 668.96
183.50 666.48
184.00 664.02
184.50 661.57
185.00 659.12
185.50 656.69
186.00 654.28
186.50 651.87
187.00 649.48
187.50 647.10
188.00 644.73
188.50 642.37
189.00 640.03
189.50 637.70
190.00 635.38
190.50 633.07
191.00 630.78
191.50 628.50
192.00 626.23
192.50 623.98
193.00 621.74
193.50 619.51
194.00 617.30
194.50 615.10
195.00 612.91
195.50 610.74
196.00 608.58
196.50 606.44
197.00 604.31
197.50 602.19
198.00 600.09
198.50 598.01
199.00 595.93
199.50 593.88
200.00 591.83
200.50 589.80
201.00 587.79
201.50 593.63
202.00 602.12
202.50 610.80
203.00 619.67
203.50 628.73
204.00 637.97
204.50 647.38
205.00 656.96
205.50 666.70
206.00 676.61
206.50 686.66
207.00 696.87
207.50 707.23
208.00 717.73
208.50 728.37
209.00 739.15
209.50 750.05
210.00 761.09
210.50 772.26
211.00 783.54
211.50 794.95
212.00 806.48
212.50 818.12
213.00 829.88
213.50 841.74
214.00 853.72
214.50 865.80
215.00 877.99
215.50 890.28
216.00 902.67
216.50 915.16
217.00 927.75
217.50 940.43
218.00 953.21
218.50 966.09
219.00 979.06
219.50 992.12
220.00 1005.26
220.50 1018.50
221.00 1031.83
221.50 1045.24
222.00 1058.74
222.50 1072.33
223.00 1086.00
223.50 1099.76
224.00 1113.60
224.50 1127.52
225.00 1141.52
225.50 1155.61
226.00 1169.78
226.50 1184.03
227.00 1198.36
227.50 1212.77
228.00 1227.26
228.50 1241.83
229.00 1256.48
229.50 1271.21
230.00 1286.01
230.50 1300.90
231.00 1315.87
231.50 1330.91
232.00 1346.03
232.50 1361.23
233.00 1376.51
233.50 1391.87
234.00 1407.31
234.50 1422.82
235.00 1438.42
235.50 1454.09
236.00 1469.84
236.50 1485.67
237.00 1501.58
237.50 1517.57
238.00 1533.64
238.50 1549.79
239.00 1566.02
239.50 1582.32
240.00 1598.71
240.50 1615.18
241.00 1631.73
241.50 1648.37
242.00 1665.08
242.50 1681.88
243.00 1698.76
243.50 1715.72
244.00 1732.76
244.50 1749.89
245.00 1767.10
245.50 1784.40
246.00 1801.78
246.50 1819.25
247.00 1836.81
247.50 1854.45
248.00 1872.18
248.50 1889.99
249.00 1907.90
249.50 1925.89
250.00 1943.97
250.50 1962.15
251.00 1980.41
251.50 1998.77
252.00 2017.21
252.50 2035.75
253.00 2054.39
253.50 2073.12
254.00 2091.94
254.50 2110.86
255.00 2129.87
255.50 2148.99
256.00 2168.20
256.50 2187.51
257.00 2206.13
257.50 2206.06
258.00 2206.19
258.50 2206.12
259.00 2206.04
259.50 2206.17
260.00 2206.10
260.50 2206.03
261.00 2206.15
261.50 2206.08
262.00 2206.01
262.50 2206.14
263.00 2206.07
263.50 2206.19
264.00 2206.12
264.50 2206.05
265.00 2206.18
265.50 2206.11
266.00 2206.04
266.50 2206.17
267.00 2206.10
267.50 2206.03
268.00 2206.15
268.50 2206.09
269.00 2206.02
269.50 2206.14
270.00 2206.08
270.50 2206.01
271.00 2206.13
271.50 2206.07
272.00 2206.00
272.50 2206.13
273.00 2206.06
273.50 2206.19
274.00 2206.12
274.50 2206.05
275.00 2206.18
275.50 2206.12
276.00 2206.05
276.50 2206.18
277.00 2206.11
277.50 2206.04
278.00 2206.17
278.50 2206.11
279.00 2206.04
279.50 2206.17
280.00 2206.11
280.50 2206.04
281.00 2206.17
281.50 2206.11
282.00 2206.04
282.50 2206.17
283.00 2206.11
283.50 2206.04
284.00 2206.17
284.50 2206.11
285.00 2206.04
285.50 2206.17
286.00 2206.11
286.50 2206.05
287.00 2206.18
287.50 2206.11
288.00 2206.05
288.50 2206.18
289.00 2206.12
289.50 2206.05
290.00 2206.19
290.50 2206.12
291.00 2206.06
291.50 2206.19
292.00 2206.13
292.50 2206.07
293.00 2206.01
293.50 2206.14
294.00 2206.08
294.50 2206.02
295.00 2206.15
295.50 2206.09
296.00 2206.03
296.50 2206.16
297.00 2206.10
297.50 2206.04
298.00 2206.17
298.50 2206.11
299.00 2206.05
299.50 2206.18
300.00 2206.12
300.50 2206.06
301.00 2206.00
301.50 2206.14
302.00 2206.08
302.50 2206.02
303.00 2206.15
303.50 2206.09
304.00 2206.03
304.50 2206.17
305.00 2206.11
305.50 2206.05
306.00 2206.18
306.50 2206.13
307.00 2206.07
307.50 2206.01
308.00 2206.14
308.50 2206.09
309.00 2206.03
309.50 2206.16
310.00 2206.11
310.50 2206.05
311.00 2206.18
311.50 2206.13
312.00 2206.07
312.50 2206.01
313.00 2206.15
313.50 2206.09
314.00 2206.03
314.50 2206.17
315.00 2206.11
315.50 2206.06
316.00 2206.00
316.50 2206.14
317.00 2206.08
317.50 2206.03
318.00 2206.16
318.50 2206.11
319.00 2206.05
319.50 2206.19
320.00 2206.13
