0.22 0.01
0.44 0.00
0.66 0.00
0.88 0.00
1.10 0.00
1.32 0.00
1.54 0.00
1.76 0.00
1.98 0.00
2.20 0.50
2.42 1.27
2.64 2.06
2.86 2.84
3.08 3.63
3.30 4.42
3.52 5.22
3.74 6.01
3.96 6.82
4.18 7.62
4.40 8.43
4.62 9.23
4.84 10.05
5.06 10.86
5.28 11.68
5.50 12.50
5.72 13.33
5.94 14.16
6.16 14.99
6.38 15.82
6.60 16.66
6.82 17.50
7.04 18.35
7.26 19.19
7.48 20.04
7.70 20.90
7.92 21.75
8.14 22.61
8.36 23.48
8.58 24.34
8.80 25.21
9.02 26.09
9.24 26.96
9.46 27.84
9.68 28.72
9.90 29.61
10.12 30.50
10.34 31.39
10.56 32.29
10.78 33.19
11.00 34.09
11.22 35.00
11.44 35.91
11.66 36.82
11.88 37.73
12.10 38.65
12.32 39.57
12.54 40.50
12.76 41.43
12.98 42.36
13.20 43.29
13.42 44.23
13.64 45.17
13.86 46.12
14.08 47.07
14.30 48.02
14.52 48.97
14.74 49.93
14.96 50.89
15.18 51.86
15.40 52.83
15.62 53.80
15.84 54.78
16.06 55.76
16.28 56.74
16.50 57.73
16.72 58.72
16.94 59.72
17.16 60.72
17.38 61.72
17.60 62.73
17.82 63.74
18.04 64.76
18.26 65.78
18.48 66.80
18.70 67.83
18.92 68.87
19.14 69.91
19.36 70.95
19.58 72.01
19.80 73.06
20.02 74.12
20.24 75.19
20.46 76.26
20.68 77.33
20.90 78.42
21.12 79.50
21.34 80.59
21.56 81.69
21.78 82.78
22.00 83.89
22.22 84.99
22.44 86.10
22.66 87.21
22.88 88.33
23.10 89.45
23.32 90.58
23.54 91.70
23.76 92.83
23.98 93.97
24.20 95.11
24.42 96.25
24.64 97.40
24.86 98.55
25.08 99.70
25.30 100.86
25.52 102.02
25.74 103.19
25.96 104.36
26.18 105.53
26.40 106.71
26.62 107.89
26.84 109.08
27.06 110.27
27.28 111.46
27.50 112.66
27.72 113.86
27.94 115.06
28.16 116.27
28.38 117.48
28.60 118.69
28.82 119.90
29.04 121.12
29.26 122.35
29.48 123.57
29.70 124.80
29.92 126.04
30.14 127.27
30.36 128.51
30.58 129.76
30.80 131.01
31.02 132.26
31.24 133.51
31.46 134.78
31.68 136.04
31.90 137.31
32.12 138.58
32.34 139.86
32.56 141.14
32.78 142.42
33.00 143.71
33.22 145.00
33.44 146.29
33.66 147.59
33.88 148.89
34.10 150.20
34.32 151.51
34.54 152.82
34.76 154.14
34.98 155.46
35.20 156.78
35.42 158.11
35.64 159.45
35.86 160.78
36.08 162.12
36.30 163.47
36.52 164.81
36.74 166.16
36.96 167.52
37.18 168.87
37.40 170.24
37.62 171.60
37.84 172.97
38.06 174.34
38.28 175.72
38.50 177.11
38.72 178.50
38.94 179.89
39.16 181.29
39.38 182.69
39.60 184.10
39.82 185.50
40.04 186.92
40.26 188.33
40.48 189.75
40.70 191.18
40.92 192.62
41.14 194.06
41.36 195.51
41.58 196.98
41.80 198.45
42.02 199.92
42.24 201.40
42.46 202.89
42.68 204.38
42.90 205.86
43.12 207.36
43.34 208.86
43.56 210.36
43.78 211.87
44.00 213.38
44.22 214.90
44.44 216.42
44.66 217.96
44.88 219.49
45.10 221.04
45.32 222.59
45.54 224.14
45.76 225.69
45.98 227.26
46.20 228.83
46.42 230.41
46.64 231.99
46.86 233.57
47.08 235.16
47.30 236.76
47.52 238.36
47.74 239.96
47.96 241.56
48.18 243.16
48.40 244.78
48.62 246.40
48.84 248.04
49.06 249.68
49.28 251.32
49.50 252.97
49.72 254.63
49.94 256.30
50.16 257.97
50.38 259.65
50.60 261.34
50.82 263.05
51.04 264.77
51.26 266.51
51.48 268.25
51.70 269.99
51.92 271.75
52.14 273.52
52.36 275.30
52.58 277.09
52.80 278.88
53.02 280.69
53.24 282.49
53.46 284.31
53.68 286.12
53.90 287.93
54.12 289.75
54.34 291.56
54.56 293.37
54.78 295.18
55.00 296.99
55.22 298.80
55.44 300.61
55.66 302.42
55.88 304.24
56.10 306.06
56.32 307.90
56.54 309.74
56.76 311.60
56.98 313.46
57.20 315.34
57.42 317.24
57.64 319.16
57.86 321.09
58.08 323.02
58.30 324.96
58.52 326.91
58.74 328.86
58.96 330.80
59.18 332.77
59.40 334.75
59.62 336.74
59.84 338.72
60.06 340.73
60.28 342.75
60.50 344.78
60.72 346.82
60.94 348.88
61.16 350.94
61.38 353.00
61.60 355.07
61.82 357.13
62.04 359.20
62.26 361.26
62.48 363.33
62.70 365.42
62.92 367.53
63.14 369.66
63.36 371.80
63.58 373.95
63.80 376.12
64.02 378.31
64.24 380.52
64.46 382.74
64.68 384.98
64.90 387.23
65.12 389.51
65.34 391.79
65.56 394.08
65.78 396.38
66.00 398.69
66.22 401.00
66.44 403.31
66.66 405.63
66.88 407.97
67.10 410.31
67.32 412.66
67.54 415.02
67.76 417.40
67.98 419.80
68.20 422.21
68.42 424.61
68.64 427.02
68.86 429.42
69.08 431.82
69.30 434.22
69.52 436.63
69.74 439.05
69.96 441.48
70.18 443.92
70.40 446.39
70.62 448.88
70.84 451.39
71.06 453.91
71.28 456.44
71.50 458.96
71.72 461.48
71.94 464.00
72.16 466.53
72.38 469.06
72.60 471.59
72.82 474.15
73.04 476.72
73.26 479.30
73.48 481.91
73.70 484.53
73.92 487.17
74.14 489.82
74.36 492.47
74.58 495.13
74.80 497.80
75.02 500.47
75.24 503.14
75.46 505.82
75.68 508.51
75.90 511.20
76.12 513.90
76.34 516.60
76.56 519.31
76.78 522.02
77.00 524.74
77.22 527.46
77.44 530.19
77.66 532.92
77.88 535.66
78.10 538.40
78.32 541.14
78.54 543.89
78.76 546.64
78.98 549.40
79.20 552.19
79.42 554.98
79.64 557.79
79.86 560.60
80.08 563.42
80.30 566.27
80.52 569.11
80.74 571.97
80.96 574.83
81.18 577.71
81.40 580.59
81.62 583.47
81.84 586.38
82.06 589.28
82.28 592.19
82.50 595.10
82.72 598.01
82.94 600.91
83.16 603.83
83.38 606.76
83.60 609.68
83.82 612.60
84.04 615.53
84.26 618.47
84.48 621.45
84.70 624.42
84.92 627.39
85.14 630.38
85.36 633.40
85.58 636.40
85.80 639.40
86.02 642.42
86.24 645.44
86.46 648.48
86.68 651.56
86.90 654.63
87.12 657.71
87.34 660.79
87.56 663.90
87.78 667.02
88.00 670.14
88.22 673.27
88.44 676.42
88.66 679.58
88.88 682.78
89.10 685.97
89.32 689.17
89.54 692.39
89.76 695.61
89.98 698.87
90.20 702.13
90.42 705.39
90.64 708.66
90.86 711.95
91.08 715.27
91.30 718.60
91.52 721.93
91.74 725.27
91.96 728.63
92.18 732.02
92.40 735.41
92.62 738.80
92.84 742.20
93.06 745.63
93.28 749.07
93.50 752.52
93.72 755.98
93.94 759.45
94.16 762.93
94.38 766.45
94.60 769.97
94.82 773.50
95.04 777.05
95.26 780.60
95.48 784.18
95.70 787.79
95.92 791.39
96.14 795.01
96.36 798.63
96.58 802.26
96.80 805.92
97.02 809.61
97.24 813.30
97.46 816.99
97.68 820.70
97.90 824.43
98.12 828.17
98.34 831.94
98.56 835.73
98.78 839.52
99.00 843.33
99.22 847.16
99.44 851.00
99.66 854.87
99.88 858.75
100.10 862.64
100.32 866.55
100.54 870.47
100.76 874.42
100.98 878.39
101.20 882.35
101.42 886.33
101.64 890.32
101.86 894.33
102.08 898.37
102.30 902.41
102.52 906.47
102.74 910.54
102.96 914.62
103.18 918.73
103.40 922.86
103.62 926.99
103.84 931.15
104.06 935.33
104.28 939.52
104.50 943.71
104.72 947.90
104.94 952.11
105.16 956.33
105.38 960.59
105.60 964.85
105.82 969.11
106.04 973.38
106.26 977.70
106.48 982.00
106.70 986.31
106.92 990.63
107.14 994.98
107.36 999.35
107.58 1003.71
107.80 1008.11
108.02 1012.50
108.24 1016.89
108.46 1021.29
108.68 1025.69
108.90 1030.07
109.12 1034.41
109.34 1038.74
109.56 1043.08
109.78 1047.45
110.00 1051.79
110.22 1056.14
110.44 1060.49
110.66 1064.85
110.88 1069.24
111.10 1073.66
111.32 1078.11
111.54 1082.61
111.76 1087.15
111.98 1091.75
112.20 1096.37
112.42 1101.02
112.64 1105.72
112.86 1110.41
113.08 1115.12
113.30 1119.85
113.52 1124.61
113.74 1129.36
113.96 1134.13
114.18 1138.93
114.40 1143.72
114.62 1148.52
114.84 1153.37
115.06 1158.17
115.28 1162.99
115.50 1167.80
115.72 1172.64
115.94 1177.53
116.16 1182.41
116.38 1187.33
116.60 1192.23
116.82 1197.17
117.04 1202.07
117.26 1206.96
117.48 1211.86
117.70 1213.93
117.92 1212.60
118.14 1211.26
118.36 1209.93
118.58 1208.60
118.80 1207.27
119.02 1205.95
119.24 1204.62
119.46 1203.30
119.68 1201.98
119.90 1200.66
120.12 1199.35
120.34 1198.03
120.56 1196.72
120.78 1195.41
121.00 1194.10
121.22 1192.79
121.44 1191.49
121.66 1190.18
121.88 1188.88
122.10 1187.58
122.32 1186.28
122.54 1184.99
122.76 1183.69
122.98 1182.40
123.20 1181.11
123.42 1179.82
123.64 1178.53
123.86 1177.25
124.08 1175.96
124.30 1174.68
124.52 1173.40
124.74 1172.12
124.96 1170.84
125.18 1169.57
125.40 1168.29
125.62 1167.02
125.84 1165.75
126.06 1164.49
126.28 1163.22
126.50 1161.95
126.72 1160.69
126.94 1159.43
127.16 1158.17
127.38 1156.91
127.60 1155.66
127.82 1154.40
128.04 1153.15
128.26 1151.90
128.48 1150.65
128.70 1149.40
128.92 1148.16
129.14 1146.91
129.36 1145.67
129.58 1144.43
129.80 1143.19
130.02 1141.96
130.24 1140.72
130.46 1139.49
130.68 1138.26
130.90 1137.02
131.12 1135.80
131.34 1134.57
131.56 1133.34
131.78 1132.12
132.00 1130.90
132.22 1129.68
132.44 1128.46
132.66 1127.25
132.88 1126.03
133.10 1124.82
133.32 1123.61
133.54 1122.40
133.76 1121.19
133.98 1119.98
134.20 1118.78
134.42 1117.57
134.64 1116.37
134.86 1115.17
135.08 1113.97
135.30 1112.78
135.52 1111.58
135.74 1110.39
135.96 1109.20
136.18 1108.01
136.40 1106.82
136.62 1105.64
136.84 1104.45
137.06 1103.27
137.28 1102.09
137.50 1100.91
137.72 1099.73
137.94 1098.55
138.16 1097.38
138.38 1096.21
138.60 1095.03
138.82 1093.87
139.04 1092.70
139.26 1091.53
139.48 1090.37
139.70 1089.20
139.92 1088.04
140.14 1086.88
140.36 1085.73
140.58 1084.57
140.80 1083.42
141.02 1082.26
141.24 1081.11
141.46 1079.96
141.68 1078.82
141.90 1077.67
142.12 1076.52
142.34 1075.38
142.56 1074.24
142.78 1073.10
143.00 1071.96
143.22 1070.83
143.44 1069.69
143.66 1068.56
143.88 1067.43
144.10 1066.30
144.32 1065.17
144.54 1064.05
144.76 1062.92
144.98 1061.80
145.20 1060.68
145.42 1059.56
145.64 1058.45
145.86 1057.33
146.08 1056.22
146.30 1055.10
146.52 1053.99
146.74 1052.88
146.96 1051.78
147.18 1050.67
147.40 1049.57
147.62 1048.47
147.84 1047.37
148.06 1046.27
148.28 1045.17
148.50 1044.07
148.72 1042.98
148.94 1041.89
149.16 1040.80
149.38 1039.71
149.60 1038.62
149.82 1037.54
150.04 1036.46
150.26 1035.37
150.48 1034.29
150.70 1033.22
150.92 1032.14
151.14 1031.06
151.36 1029.99
151.58 1028.92
151.80 1027.85
152.02 1026.78
152.24 1025.72
152.46 1024.65
152.68 1023.59
152.90 1022.53
153.12 1021.47
153.34 1020.41
153.56 1019.35
153.78 1018.30
154.00 1017.25
154.22 1016.20
154.44 1015.15
154.66 1014.10
154.88 1013.05
155.10 1012.01
155.32 1010.97
155.54 1009.93
155.76 1008.89
155.98 1007.85
156.20 1006.81
156.42 1005.78
156.64 1004.75
156.86 1003.72
157.08 1002.69
157.30 1001.66
157.52 1000.64
157.74 999.62
157.96 998.59
158.18 997.57
158.40 996.56
158.62 995.54
158.84 994.53
159.06 993.51
159.28 992.50
159.50 991.49
159.72 990.49
159.94 989.48
160.16 988.48
160.38 987.47
160.60 986.47
160.82 985.47
161.04 984.48
161.26 983.48
161.48 982.49
161.70 981.50
161.92 980.51
162.14 979.52
162.36 978.53
162.58 977.55
162.80 976.57
163.02 975.59
163.24 974.61
163.46 973.63
163.68 972.65
163.90 971.68
164.12 970.71
164.34 969.74
164.56 968.77
164.78 967.80
165.00 966.84
165.22 965.87
165.44 964.91
165.66 963.95
165.88 962.99
166.10 962.04
166.32 961.08
166.54 960.13
166.76 959.18
166.98 958.23
167.20 957.28
167.42 956.34
167.64 955.40
167.86 954.46
168.08 953.52
168.30 952.58
168.52 951.64
168.74 950.71
168.96 949.78
169.18 948.85
169.40 947.92
169.62 946.99
169.84 946.07
170.06 945.14
170.28 944.22
170.50 943.30
170.72 942.38
170.94 941.47
171.16 940.55
171.38 939.64
171.60 938.73
171.82 937.82
172.04 936.92
172.26 936.01
172.48 935.11
172.70 934.21
172.92 933.31
173.14 932.41
173.36 931.51
173.58 930.62
173.80 929.73
174.02 928.84
174.24 927.95
174.46 927.07
174.68 926.18
174.90 925.30
175.12 924.42
175.34 923.54
175.56 922.66
175.78 921.79
175.99 920.87
176.21 919.99
176.42 919.18
176.66 918.21
176.89 917.32
177.14 916.34
177.35 915.53
177.57 914.67
177.80 913.76
178.05 912.80
178.31 911.78
178.59 910.70
178.88 909.58
179.08 908.81
179.28 908.04
179.48 907.28
179.68 906.51
179.88 905.75
180.08 904.99
180.28 904.23
180.48 903.47
180.68 902.71
180.88 901.96
181.08 901.20
181.28 900.45
181.48 899.70
181.68 898.95
181.88 898.21
182.08 897.46
182.28 896.72
182.48 895.98
182.68 895.24
182.88 894.50
183.08 893.76
183.28 893.02
183.48 892.29
183.68 891.56
183.88 890.83
184.08 890.10
184.28 889.37
184.48 888.65
184.68 887.92
184.88 887.20
185.08 886.48
185.28 885.76
185.48 885.04
185.68 884.33
185.88 883.61
186.08 882.90
186.28 882.19
186.48 881.48
186.68 880.77
186.88 880.06
187.08 879.36
187.28 878.66
187.48 877.96
187.68 877.26
187.88 876.56
188.08 875.86
188.28 875.17
188.48 874.48
188.68 873.79
188.88 873.10
189.08 872.41
189.28 871.72
189.48 871.04
189.68 870.36
189.88 869.68
190.08 869.00
190.28 868.32
190.48 867.64
190.68 866.97
190.88 866.30
191.08 865.63
191.28 864.96
191.48 864.29
191.68 863.63
191.88 862.96
192.08 862.30
192.28 861.64
192.48 860.98
192.68 860.32
192.88 859.67
193.08 859.02
193.28 858.36
193.48 857.71
193.68 857.07
193.88 856.42
194.08 855.77
194.28 855.13
194.48 854.49
194.68 853.85
194.88 853.21
195.08 852.58
195.28 851.94
195.48 851.31
195.68 850.68
195.88 850.05
196.08 849.42
196.28 848.80
196.48 848.17
196.68 847.55
196.88 846.93
197.08 846.31
197.28 845.70
197.48 845.08
197.68 844.47
197.88 843.86
198.08 843.25
198.28 842.64
198.48 842.03
198.68 841.43
198.88 840.83
199.08 840.23
199.28 839.63
199.48 839.03
199.68 838.43
199.88 837.84
200.08 837.25
200.28 836.66
200.48 836.07
200.68 835.48
200.88 834.90
201.08 834.32
201.28 833.74
201.48 833.16
201.68 832.58
201.88 832.00
202.08 831.43
202.28 830.86
202.48 830.29
202.68 829.72
202.88 829.15
203.08 828.59
203.28 828.03
203.48 827.47
203.68 826.91
203.88 826.35
204.08 825.80
204.28 825.24
204.48 824.69
204.68 824.14
204.88 823.59
205.08 823.05
205.28 822.50
205.48 821.96
205.68 821.42
205.88 820.88
206.08 820.34
206.28 819.81
206.48 819.28
206.68 818.75
206.88 818.22
207.08 817.69
207.28 817.16
207.48 816.64
207.68 816.12
207.88 815.60
208.08 815.08
208.28 814.56
208.48 814.05
208.68 813.54
208.88 813.03
209.08 812.52
209.28 812.01
209.48 811.51
209.68 811.00
209.88 810.50
210.08 810.00
210.28 809.51
210.48 809.01
210.68 808.52
210.88 808.03
211.08 807.54
211.28 807.05
211.48 806.56
211.68 806.08
211.88 805.60
212.08 805.12
212.28 804.64
212.48 804.17
212.68 803.69
212.88 803.22
213.08 802.75
213.28 802.28
213.48 801.81
213.68 801.35
213.88 800.89
214.08 800.43
214.28 799.97
214.48 799.51
214.68 799.06
214.88 798.61
215.08 798.16
215.28 797.71
215.48 797.26
215.68 796.82
215.88 796.37
216.08 795.93
216.28 795.49
216.48 795.06
216.68 794.62
216.88 794.19
217.08 793.76
217.28 793.33
217.48 792.90
217.68 792.48
217.88 792.05
218.08 791.63
218.28 791.21
218.48 790.80
218.68 790.38
218.88 789.97
219.08 789.56
219.28 789.15
219.48 788.74
219.68 788.34
219.88 787.93
220.08 787.53
220.28 787.13
220.48 786.74
220.68 786.34
220.88 785.95
221.08 785.56
221.28 785.17
221.48 784.78
221.68 784.40
221.88 784.02
222.08 783.64
222.28 783.26
222.48 782.88
222.68 782.51
222.88 782.13
223.08 781.76
223.28 781.39
223.48 781.03
223.68 780.66
223.88 780.30
224.08 779.94
224.28 779.58
224.48 779.23
224.68 778.87
224.88 778.52
225.08 778.17
225.28 777.82
225.48 777.48
225.68 777.13
225.88 776.79
226.08 776.45
226.28 776.11
226.48 775.78
226.68 775.45
226.88 775.11
227.08 774.78
227.28 774.46
227.48 774.13
227.68 773.81
227.88 773.49
228.08 773.17
228.28 772.85
228.48 772.54
228.68 772.23
228.88 771.92
229.08 771.61
229.28 771.30
229.48 771.00
229.68 770.69
229.88 770.39
230.08 770.10
230.28 769.80
230.48 769.51
230.68 769.22
230.88 768.93
231.08 768.64
231.28 768.35
231.48 768.07
231.68 767.79
231.88 767.51
232.08 767.23
232.28 766.96
232.48 766.69
232.68 766.42
232.88 766.15
233.08 765.88
233.28 765.62
233.48 765.36
233.68 765.10
233.88 764.84
234.08 764.58
234.28 764.33
234.48 764.08
234.68 763.83
234.88 763.58
235.08 763.34
235.28 763.10
235.48 762.86
235.68 762.62
235.88 762.38
236.08 762.15
236.28 761.92
236.48 761.69
236.68 761.46
236.88 761.23
237.08 761.01
237.28 760.79
237.48 760.57
237.68 760.35
237.88 760.14
238.08 759.93
238.28 759.72
238.48 759.51
238.68 759.30
238.88 759.10
239.08 758.90
239.28 758.70
239.48 758.50
239.78 758.21
240.06 757.94
240.33 757.69
240.58 757.46
240.82 757.24
241.04 757.03
241.25 756.85
241.51 756.62
241.74 756.42
241.95 756.25
242.17 756.06
242.38 755.88
242.60 755.72
242.82 755.55
243.04 755.37
243.26 755.20
243.48 755.03
243.70 754.86
243.92 754.70
244.14 754.54
244.36 754.38
244.58 754.22
244.80 754.07
245.02 753.92
245.24 753.77
245.46 753.62
245.68 753.48
245.90 753.34
246.12 753.20
246.34 753.07
246.56 752.94
246.78 752.81
247.00 752.68
247.22 752.56
247.44 752.44
247.66 752.32
247.88 752.20
248.10 752.09
248.32 751.98
248.54 751.87
248.76 751.76
248.98 751.66
249.20 751.56
249.42 751.46
249.64 751.37
249.86 751.28
250.08 751.19
250.30 751.10
250.52 751.02
250.74 750.94
250.96 750.86
251.18 750.78
251.40 750.71
251.62 750.64
251.84 750.57
252.06 750.51
252.28 750.44
252.50 750.39
252.72 750.33
252.94 750.27
253.16 750.22
253.38 750.17
253.60 750.13
253.82 750.08
254.04 750.04
254.26 750.00
254.48 749.97
254.70 749.94
254.92 749.91
255.14 749.88
255.36 749.85
255.58 749.83
255.80 749.81
256.02 749.80
256.24 749.78
256.46 749.77
256.68 752.21
256.90 758.95
257.12 765.70
257.34 772.47
257.56 779.26
257.78 786.07
258.00 792.89
258.22 799.73
258.44 806.59
258.66 813.47
258.88 820.36
259.10 827.28
259.32 834.21
259.54 841.16
259.76 848.12
259.98 855.10
260.20 862.10
260.42 869.12
260.64 876.15
260.86 883.20
261.08 890.27
261.30 897.35
261.52 904.45
261.74 911.57
261.96 918.71
262.18 925.86
262.40 933.04
262.62 940.23
262.84 947.44
263.06 954.67
263.28 961.92
263.50 969.18
263.72 976.47
263.94 983.77
264.16 991.09
264.38 998.42
264.60 1005.77
264.82 1013.14
265.04 1020.53
265.26 1027.93
265.48 1035.35
265.70 1042.79
265.92 1050.25
266.14 1057.73
266.36 1065.23
266.58 1072.75
266.80 1080.28
267.02 1087.84
267.24 1095.41
267.46 1103.01
267.68 1110.62
267.90 1118.25
268.12 1125.90
268.34 1133.57
268.56 1141.25
268.78 1148.96
269.00 1156.68
269.22 1164.42
269.44 1172.18
269.66 1179.96
269.88 1187.76
270.10 1195.58
270.32 1203.42
270.54 1211.27
270.76 1219.15
270.98 1227.06
271.20 1234.98
271.42 1242.92
271.64 1250.88
271.86 1258.86
272.08 1266.86
272.30 1274.88
272.52 1282.92
272.74 1290.98
272.96 1299.06
273.18 1307.17
273.40 1315.29
273.62 1323.43
273.84 1331.59
274.06 1339.78
274.28 1347.98
274.50 1356.21
274.72 1364.46
274.94 1372.73
275.16 1381.02
275.38 1389.34
275.60 1397.68
275.82 1406.03
276.04 1414.42
276.26 1422.82
276.48 1431.24
276.70 1439.69
276.92 1448.16
277.14 1456.65
277.36 1465.16
277.58 1473.69
277.80 1482.25
278.02 1490.83
278.24 1499.44
278.46 1508.06
278.68 1516.72
278.90 1525.39
279.12 1534.09
279.34 1542.81
279.56 1551.56
279.78 1560.33
280.00 1569.13
280.22 1577.94
280.44 1586.79
280.66 1595.65
280.88 1604.54
281.10 1613.46
281.32 1622.40
281.54 1631.36
281.76 1640.35
281.98 1649.37
282.20 1658.41
282.42 1667.47
282.64 1676.57
282.86 1685.68
283.08 1694.83
283.30 1704.00
283.52 1713.20
283.74 1722.42
283.96 1731.67
284.18 1740.95
284.40 1750.25
284.62 1759.58
284.84 1768.94
285.06 1778.32
285.28 1787.73
285.50 1797.17
285.72 1806.64
285.94 1816.13
286.16 1825.66
286.38 1835.21
286.60 1844.79
286.82 1854.40
287.04 1864.04
287.26 1873.71
287.48 1883.40
287.70 1893.13
287.92 1902.89
288.14 1912.67
288.36 1922.49
288.58 1932.33
288.80 1942.21
289.02 1952.11
289.24 1962.05
289.46 1972.02
289.68 1982.01
289.90 1992.04
290.12 2002.11
290.34 2012.20
290.56 2022.33
290.78 2032.49
291.00 2042.68
291.22 2050.13
291.44 2050.18
291.66 2050.24
291.88 2050.30
292.10 2050.36
292.32 2050.41
292.54 2050.47
292.76 2050.53
292.98 2050.58
293.20 2060.85
293.42 2071.15
293.64 2078.66
293.86 2078.72
294.08 2078.77
294.30 2078.83
294.52 2078.88
294.74 2078.93
294.96 2078.99
295.18 2079.04
295.40 2079.10
295.62 2079.15
295.84 2079.21
296.06 2079.26
296.28 2079.32
296.50 2079.37
296.72 2080.34
296.94 2090.48
297.16 2096.05
297.38 2096.10
297.60 2096.15
297.82 2096.20
298.04 2096.26
298.26 2096.31
298.48 2096.36
298.70 2096.41
298.92 2096.46
299.14 2096.51
299.36 2096.56
299.58 2096.61
299.80 2096.66
300.02 2096.72
300.24 2096.77
300.46 2096.82
300.68 2096.87
300.90 2096.92
301.12 2096.97
301.34 2097.02
301.56 2097.07
301.78 2097.12
302.00 2097.17
302.22 2097.22
302.44 2097.27
302.66 2097.32
302.88 2097.37
303.10 2097.42
303.32 2097.47
303.54 2097.52
303.76 2097.57
303.98 2097.62
304.20 2097.67
304.42 2097.72
304.64 2097.77
304.86 2097.82
305.08 2097.87
305.30 2097.92
305.52 2097.97
305.74 2098.02
305.96 2098.07
306.18 2098.12
306.40 2098.16
306.62 2098.21
306.84 2098.26
307.06 2098.31
307.28 2098.36
307.50 2098.41
307.72 2098.46
307.94 2098.51
308.16 2098.56
308.38 2098.60
308.60 2098.65
308.82 2098.70
309.04 2098.75
309.26 2098.80
309.48 2098.85
309.70 2098.90
309.92 2098.94
310.14 2098.99
310.36 2099.04
310.58 2099.09
310.80 2099.14
311.02 2099.19
311.24 2099.23
311.46 2099.28
311.68 2099.33
311.90 2099.38
312.12 2099.42
312.34 2099.47
312.56 2099.52
312.78 2099.57
313.00 2099.61
313.22 2099.66
313.44 2099.71
313.66 2099.76
313.88 2099.80
314.10 2099.85
314.32 2099.90
314.54 2099.95
314.76 2099.99
314.98 2100.04
315.20 2100.09
315.42 2100.13
315.64 2100.18
315.86 2100.23
316.08 2100.27
316.30 2100.32
316.52 2100.37
316.74 2100.41
316.96 2100.46
317.18 2100.51
317.40 2100.55
317.62 2100.60
317.84 2100.65
318.06 2100.69
318.28 2100.74
318.50 2100.78
318.72 2100.83
318.94 2100.88
319.16 2100.92
319.38 2100.97
319.60 2101.01
319.82 2101.06
320.04 2101.11
