1.05 8453.84
2.15 8454.19
3.37 8454.58
4.55 8454.98
5.90 8455.46
7.03 8455.87
8.27 8456.34
9.60 8456.86
11.03 8457.44
12.04 8457.86
13.10 8458.32
14.20 8458.80
15.31 8459.31
16.42 8459.82
17.53 8460.35
18.64 8460.89
19.76 8461.45
20.87 8462.02
21.98 8462.60
23.09 8463.19
24.20 8463.80
25.31 8464.42
26.42 8465.06
27.53 8465.70
28.64 8466.36
29.76 8467.04
30.87 8467.72
31.98 8468.42
33.09 8469.13
34.20 8469.86
35.31 8470.60
36.42 8471.35
37.53 8472.11
38.64 8472.89
39.76 8473.68
40.87 8474.49
41.98 8475.30
43.09 8476.13
44.20 8476.98
45.31 8477.83
46.42 8478.70
47.53 8479.59
48.64 8480.48
49.76 8481.39
50.87 8482.31
51.98 8483.25
53.09 8484.19
54.20 8485.16
55.31 8486.13
56.42 8487.12
57.53 8488.12
58.64 8489.13
59.76 8490.16
60.87 8491.20
61.98 8492.25
63.09 8493.31
64.20 8494.39
65.31 8495.48
66.42 8496.59
67.53 8497.71
68.64 8498.84
69.76 8499.98
70.87 8501.14
71.98 8502.31
73.09 8503.49
74.20 8504.69
75.31 8505.90
76.42 8507.12
77.53 8508.35
78.64 8509.60
79.76 8510.86
80.87 8512.14
81.98 8513.43
83.09 8514.73
84.20 8516.04
85.31 8517.37
86.42 8518.71
87.53 8520.06
88.64 8521.43
89.76 8522.80
90.87 8524.20
91.98 8525.60
93.09 8527.02
94.20 8528.45
95.31 8529.89
96.42 8531.35
97.53 8532.82
98.64 8534.31
99.76 8535.80
100.87 8537.31
101.98 8538.83
103.09 8540.37
104.20 8541.92
105.31 8543.48
106.42 8545.05
107.53 8546.64
108.64 8548.24
109.76 8549.86
110.87 8551.48
111.98 8553.95
113.09 8554.77
114.20 8556.44
115.31 8558.12
116.42 8559.81
117.53 8561.52
118.64 8563.23
119.76 8564.96
120.87 8566.71
121.98 8568.46
123.09 8570.23
124.20 8572.02
125.31 8573.81
126.42 8575.62
127.53 8577.44
128.64 8579.28
129.76 8581.13
130.87 8582.99
131.98 8584.86
133.09 8586.75
134.20 8588.65
135.31 8590.56
136.42 8592.49
137.53 8594.43
138.64 8596.38
139.76 8598.34
140.87 8600.32
141.98 8602.31
143.09 8604.32
144.20 8606.33
145.31 8608.36
146.42 8610.41
147.53 8612.46
148.64 8614.53
149.76 8616.61
150.87 8618.71
151.98 8620.81
153.09 8622.93
154.20 8625.07
155.31 8627.21
156.42 8629.37
157.53 8631.55
158.64 8633.73
159.76 8635.93
160.87 8638.14
161.98 8640.37
163.09 8642.60
164.20 8644.85
165.31 8647.12
166.42 8649.39
167.53 8651.68
168.64 8653.98
169.76 8656.30
170.87 8658.63
171.98 8660.97
173.09 8663.32
174.20 8665.69
175.31 8668.07
176.42 8670.46
177.53 8672.86
178.64 8675.28
179.76 8677.71
180.87 8680.16
181.98 8682.61
183.09 8685.08
184.20 8687.57
185.31 8690.06
186.42 8692.57
187.53 8695.09
188.64 8697.63
189.76 8700.17
190.87 8702.73
191.98 8705.31
193.09 8707.89
194.20 8710.49
195.31 8713.10
196.42 8715.73
197.53 8718.37
198.64 8721.02
199.76 8723.68
200.87 8726.36
201.98 8729.04
203.09 8731.75
204.20 8734.46
205.31 8737.19
206.42 8739.93
207.53 8742.68
208.64 8745.45
209.76 8748.23
210.87 8751.02
211.98 8753.82
213.09 8756.64
214.20 8759.47
215.31 8762.31
216.42 8765.17
217.53 8768.03
218.64 8770.92
219.76 8773.81
220.87 8776.72
221.98 8779.64
223.09 8782.57
224.20 8785.51
225.31 8788.47
226.42 8791.44
227.53 8794.43
228.64 8797.42
229.76 8800.43
231.03 8803.91
232.09 8806.79
233.10 8809.56
234.53 8813.51
235.87 8817.20
237.10 8820.64
238.23 8823.80
239.27 8826.70
240.49 8830.15
241.53 8833.10
242.59 8836.10
243.60 8838.98
244.64 8848.98
245.65 8852.20
246.71 8855.57
247.75 8858.92
248.98 8862.84
250.01 8866.18
251.14 8869.85
252.37 8873.86
253.71 8878.21
255.14 8882.91
256.15 8886.24
257.21 8889.72
258.31 8893.37
259.42 8897.07
260.53 8900.77
261.64 8904.50
262.75 8908.23
263.86 8911.98
264.97 8915.74
266.08 8919.51
267.20 8923.30
268.31 8927.10
269.42 8930.91
270.53 8934.73
271.64 8938.57
272.75 8942.42
273.86 8946.28
274.97 8950.16
276.08 8954.05
277.20 8957.95
278.31 8961.86
279.42 8965.79
280.53 8969.73
281.64 8973.68
282.75 8977.65
283.86 8981.63
284.97 8985.62
286.08 8989.62
287.20 8993.64
288.31 8997.67
289.42 9001.71
290.53 9005.77
291.64 9009.83
292.75 9013.91
293.86 9018.01
294.97 9022.11
296.08 9026.23
297.20 9030.36
298.31 9034.51
299.42 9038.66
300.53 9042.83
301.64 9047.01
302.75 9051.21
303.86 9055.42
304.97 9059.64
306.08 9063.87
307.20 9068.11
308.31 9072.37
309.42 9076.64
310.53 9080.92
311.64 9085.22
312.75 9089.53
313.86 9093.85
314.97 9098.18
316.08 9102.52
317.20 9106.88
318.31 9111.25
319.42 9115.63
320.53 9120.03
321.64 9124.44
322.75 9128.86
323.86 9133.29
324.97 9137.74
326.08 9142.19
327.20 9146.66
328.31 9151.15
329.42 9155.64
330.53 9160.15
331.64 9164.67
332.75 9169.20
333.86 9173.74
334.97 9178.30
336.08 9182.87
337.20 9187.45
338.31 9192.04
339.42 9196.65
340.53 9201.27
341.64 9205.90
342.75 9210.54
343.86 9215.20
344.97 9219.86
346.08 9224.54
347.20 9229.23
348.31 9233.94
349.42 9238.65
350.53 9243.38
351.64 9248.12
352.75 9252.87
353.86 9257.64
354.97 9262.41
356.08 9267.20
357.20 9272.00
358.31 9276.81
359.42 9281.64
360.53 9286.48
361.64 9291.32
362.75 9296.18
363.86 9301.06
364.97 9305.94
366.08 9310.84
367.20 9315.75
368.31 9320.67
369.42 9325.60
370.53 9330.54
371.64 9335.50
372.75 9340.47
373.86 9345.45
374.97 9350.44
376.08 9355.44
377.20 9360.45
378.31 9365.48
379.42 9370.52
380.53 9375.57
381.64 9380.63
382.75 9385.71
383.86 9390.79
384.97 9395.89
386.08 9401.00
387.20 9406.12
388.31 9411.25
389.42 9416.39
390.53 9421.54
391.64 9426.71
392.75 9431.89
393.86 9437.08
394.97 9442.28
396.08 9447.49
397.20 9452.71
398.31 9457.95
399.42 9463.19
400.53 9468.45
401.64 9473.72
402.75 9479.00
403.86 9484.29
404.97 9489.59
406.08 9494.91
407.20 9500.23
408.31 9505.57
409.42 9510.92
410.53 9516.28
411.64 9521.65
412.75 9527.03
413.86 9532.42
414.97 9537.82
416.08 9543.24
417.20 9548.66
418.31 9554.10
419.42 9559.54
420.53 9565.00
421.64 9570.47
422.75 9575.95
423.86 9581.44
424.97 9586.94
426.08 9592.45
427.20 9597.98
428.31 9603.51
429.42 9609.05
430.53 9614.61
431.64 9620.18
432.75 9625.75
433.86 9631.34
434.97 9636.94
436.08 9642.54
437.20 9648.16
438.31 9653.79
439.42 9659.43
440.53 9665.08
441.64 9670.74
442.75 9676.41
443.86 9682.09
444.97 9687.78
446.08 9693.48
447.20 9699.20
448.31 9704.92
449.42 9710.65
450.53 9716.39
451.64 9722.14
452.75 9727.91
453.86 9733.68
454.97 9739.46
456.08 9745.25
457.20 9751.05
458.31 9756.87
459.42 9762.69
460.53 9768.52
461.64 9774.36
462.75 9780.21
463.86 9786.07
464.97 9791.94
466.08 9797.83
467.20 9803.71
468.31 9809.61
469.42 9815.52
470.53 9821.44
471.64 9827.37
472.75 9833.31
473.86 9839.25
474.97 9845.21
476.08 9851.17
477.20 9857.15
478.31 9863.13
479.42 9869.13
480.53 9875.13
481.64 9881.14
482.72 9886.98
483.75 9892.58
485.22 9900.55
486.58 9907.99
487.85 9914.90
489.02 9921.27
490.08 9927.10
491.35 9934.04
492.44 9940.01
493.55 9946.12
494.64 9952.11
495.65 9957.71
496.68 9963.37
497.68 9968.90
498.68 9974.43
499.68 9979.97
500.68 9985.51
501.68 9991.06
502.68 9996.62
503.68 10002.18
504.68 10007.75
505.68 10013.33
506.68 10018.91
507.68 10024.50
508.68 10030.10
509.68 10035.70
510.68 10041.31
511.68 10046.93
512.68 10052.55
513.68 10058.18
514.68 10063.81
515.68 10069.46
516.68 10075.10
517.68 10080.75
518.68 10086.41
519.68 10092.08
520.68 10097.75
521.68 10103.43
522.68 10109.11
523.68 10114.80
524.68 10120.49
525.68 10126.19
526.68 10131.90
527.68 10137.61
528.68 10143.33
529.68 10149.05
530.74 10155.12
531.85 10161.49
532.96 10167.87
534.07 10174.25
535.19 10180.64
536.30 10187.04
537.41 10193.45
538.52 10199.86
539.63 10206.27
540.74 10212.70
541.85 10219.13
542.96 10225.56
544.07 10232.00
545.19 10238.45
546.30 10244.90
547.41 10251.36
548.52 10257.83
549.63 10264.30
550.74 10270.78
551.85 10277.26
552.96 10283.75
554.07 10290.24
555.19 10296.74
556.30 10303.24
557.41 10309.75
558.52 10316.27
559.63 10322.79
560.74 10329.31
561.85 10335.84
562.96 10342.38
564.07 10348.92
565.19 10355.46
566.30 10362.01
567.40 10368.50
568.45 10374.74
569.47 10380.72
570.90 10389.20
572.24 10397.10
573.47 10404.41
574.61 10411.13
575.64 10417.27
576.87 10424.54
577.92 10430.75
578.97 10437.03
579.99 10443.07
581.01 10449.13
582.02 10455.14
583.02 10461.09
584.02 10467.04
585.02 10473.00
586.02 10478.95
587.02 10484.91
588.02 10490.87
589.02 10496.84
590.02 10502.80
591.02 10508.77
592.02 10514.74
593.02 10520.71
594.02 10526.69
595.02 10532.67
596.02 10538.64
597.02 10544.63
598.02 10550.61
599.02 10556.59
600.02 10562.58
601.02 10568.57
602.02 10574.55
603.02 10580.54
604.02 10586.54
605.02 10592.53
606.02 10598.52
607.02 10604.52
608.02 10610.52
609.02 10616.51
610.02 10622.51
611.02 10628.51
612.02 10634.51
613.02 10640.51
614.02 10646.51
615.02 10652.52
616.02 10658.52
617.02 10664.52
618.02 10670.53
619.02 10676.53
620.02 10682.53
621.02 10688.54
622.02 10694.54
623.02 10700.55
624.02 10706.55
625.02 10712.56
626.02 10718.56
627.02 10724.56
628.02 10730.57
629.02 10736.57
630.02 10742.57
631.02 10748.57
632.02 10754.57
633.02 10760.57
634.02 10766.57
635.02 10772.57
636.02 10778.56
637.02 10784.56
638.02 10790.55
639.02 10796.55
640.02 10802.54
641.02 10808.53
642.02 10814.52
643.02 10820.50
644.02 10826.49
645.02 10832.47
646.02 10838.45
647.02 10844.43
648.02 10850.41
649.02 10856.39
650.02 10862.36
651.02 10868.33
652.02 10874.30
653.02 10880.26
654.02 10886.22
655.02 10892.18
656.02 10898.14
657.02 10904.09
658.02 10910.05
659.02 10915.99
660.02 10921.94
661.02 10927.88
662.02 10933.82
663.02 10939.75
664.02 10945.68
665.02 10951.61
666.02 10957.53
667.02 10963.45
668.02 10969.37
669.03 10975.33
670.05 10981.33
671.07 10987.35
672.12 10993.52
673.12 10999.38
674.12 11005.24
675.12 11011.10
676.12 11016.95
677.12 11022.79
678.12 11028.63
679.12 11034.47
680.12 11040.30
681.12 11046.12
682.12 11051.94
683.12 11057.76
684.12 11063.56
685.12 11069.37
686.12 11075.16
687.12 11080.95
688.12 11086.74
689.12 11092.52
690.12 11098.29
691.12 11104.05
692.12 11109.81
693.40 11117.18
694.52 11123.56
695.63 11129.94
696.74 11136.30
697.85 11142.66
698.96 11149.00
700.07 11155.34
701.18 11161.67
702.29 11167.99
703.40 11174.30
704.52 11180.60
705.63 11186.88
706.74 11193.16
707.85 11199.43
708.96 11205.69
710.07 11211.94
711.18 11218.18
712.29 11224.41
713.40 11230.62
714.52 11236.83
715.63 11243.02
716.74 11249.20
717.85 11255.38
718.96 11261.53
720.07 11267.68
721.18 11273.82
722.29 11279.94
723.40 11286.05
724.52 11292.15
725.63 11298.23
726.74 11304.31
727.85 11310.37
728.96 11316.41
730.07 11322.45
731.18 11328.46
732.29 11334.47
733.40 11340.46
734.52 11346.44
735.63 11352.40
736.74 11358.35
737.85 11364.29
738.96 11370.21
740.07 11376.11
741.18 11382.00
742.29 11387.88
743.40 11393.74
744.52 11399.58
745.63 11405.41
746.74 11411.22
747.85 11417.02
748.96 11422.80
750.07 11428.56
751.18 11434.31
752.29 11440.04
753.40 11445.76
754.52 11451.45
755.63 11457.13
756.74 11462.79
757.85 11468.44
758.96 11474.07
760.07 11479.68
761.18 11485.27
762.29 11490.84
763.40 11496.39
764.52 11501.93
765.63 11507.44
766.74 11512.94
767.85 11518.42
768.96 11523.88
770.07 11529.32
771.18 11534.74
772.29 11540.14
773.40 11545.52
774.52 11550.88
775.63 11556.22
776.74 11561.54
777.85 11566.84
778.96 11572.12
780.07 11577.37
781.18 11582.61
782.26 11587.67
783.29 11592.50
784.76 11599.33
786.13 11605.66
787.40 11611.49
788.57 11616.84
789.63 11621.71
790.90 11627.47
791.99 11632.39
793.10 11637.40
794.14 11642.00
795.14 11648.10
796.19 11655.51
797.19 11662.97
798.19 11670.86
799.19 11679.27
800.19 11688.32
801.19 11698.20
802.19 11709.12
803.19 11721.43
804.19 11735.60
805.19 11752.40
