0.00 8505.80
1.00 8505.80
2.00 8505.82
3.00 8505.84
4.00 8505.88
5.00 8505.92
6.00 8505.98
7.00 8506.04
8.00 8506.11
9.00 8506.20
10.00 8506.29
11.00 8506.39
12.00 8506.50
13.00 8506.63
14.00 8506.76
15.00 8506.90
16.00 8507.05
17.00 8507.21
18.00 8507.39
19.00 8507.57
20.00 8507.76
21.00 8507.96
22.00 8508.17
23.00 8508.39
24.00 8508.62
25.00 8508.86
26.00 8509.11
27.00 8509.37
28.00 8509.64
29.00 8509.92
30.00 8510.21
31.00 8510.50
32.00 8510.81
33.00 8511.13
34.00 8511.46
35.00 8511.80
36.00 8512.14
37.00 8512.50
38.00 8512.87
39.00 8513.25
40.00 8513.63
41.00 8514.03
42.00 8514.44
43.00 8514.85
44.00 8515.28
45.00 8515.71
46.00 8516.16
47.00 8516.61
48.00 8517.08
49.00 8517.55
50.00 8518.04
51.00 8518.53
52.00 8519.04
53.00 8519.55
54.00 8520.07
55.00 8520.61
56.00 8521.15
57.00 8521.70
58.00 8522.27
59.00 8522.84
60.00 8523.42
61.00 8524.01
62.00 8524.61
63.00 8525.23
64.00 8525.85
65.00 8526.48
66.00 8527.12
67.00 8527.77
68.00 8528.43
69.00 8529.10
70.00 8529.78
71.00 8530.47
72.00 8531.17
73.00 8531.88
74.00 8532.60
75.00 8533.33
76.00 8534.07
77.00 8534.82
78.00 8535.57
79.00 8536.34
80.00 8537.12
81.00 8537.91
82.00 8538.70
83.00 8539.51
84.00 8540.33
85.00 8541.15
86.00 8541.99
87.00 8542.84
88.00 8543.69
89.00 8544.56
90.00 8545.43
91.00 8546.32
92.00 8547.21
93.00 8548.12
94.00 8549.03
95.00 8549.96
96.00 8550.89
97.00 8551.83
98.00 8552.79
99.00 8553.75
100.00 8554.72
101.00 8555.71
102.00 8556.70
103.00 8557.70
104.00 8558.71
105.00 8559.73
106.00 8560.77
107.00 8561.81
108.00 8562.86
109.00 8563.92
110.00 8564.99
111.00 8566.07
112.00 8567.16
113.00 8568.26
114.00 8569.37
115.00 8570.49
116.00 8571.62
117.00 8572.75
118.00 8573.90
119.00 8575.06
120.00 8576.23
121.00 8577.41
122.00 8578.59
123.00 8579.79
124.00 8581.00
125.00 8582.21
126.00 8583.44
127.00 8584.68
128.00 8585.92
129.00 8587.18
130.00 8588.44
131.00 8589.72
132.00 8591.00
133.00 8592.30
134.00 8593.60
135.00 8594.91
136.00 8596.24
137.00 8597.57
138.00 8598.91
139.00 8600.26
140.00 8601.63
141.00 8603.00
142.00 8604.38
143.00 8605.77
144.00 8607.17
145.00 8608.58
146.00 8610.00
147.00 8611.43
148.00 8612.87
149.00 8614.32
150.00 8615.78
151.00 8617.25
152.00 8618.73
153.00 8620.22
154.00 8621.72
155.00 8623.22
156.00 8624.74
157.00 8626.27
158.00 8627.80
159.00 8629.35
160.00 8630.91
161.00 8632.47
162.00 8634.05
163.00 8635.63
164.00 8637.23
165.00 8638.83
166.00 8640.45
167.00 8642.07
168.00 8643.70
169.00 8645.35
170.00 8647.00
171.00 8648.66
172.00 8650.33
173.00 8652.01
174.00 8653.71
175.00 8655.41
176.00 8657.12
177.00 8658.84
178.00 8660.57
179.00 8662.31
180.00 8664.06
181.00 8665.82
182.00 8667.58
183.00 8669.36
184.00 8671.15
185.00 8672.95
186.00 8674.75
187.00 8676.57
188.00 8678.40
189.00 8680.23
190.00 8682.08
191.00 8683.93
192.00 8685.80
193.00 8687.67
194.00 8689.56
195.00 8691.45
196.00 8693.35
197.00 8695.27
198.00 8697.19
199.00 8699.12
200.00 8701.06
201.00 8703.01
202.00 8704.98
203.00 8706.95
204.00 8708.93
205.00 8710.92
206.00 8712.91
207.00 8714.92
208.00 8716.94
209.00 8718.97
210.00 8721.01
211.00 8723.05
212.00 8725.11
213.00 8727.18
214.00 8729.25
215.00 8731.34
216.00 8733.43
217.00 8735.54
218.00 8737.65
219.00 8739.78
220.00 8741.91
221.00 8744.05
222.00 8746.20
223.00 8748.37
224.00 8750.54
225.00 8752.72
226.00 8754.91
227.00 8757.11
228.00 8759.32
229.00 8761.54
230.00 8763.77
231.00 8766.00
232.00 8768.25
233.00 8770.51
234.00 8772.77
235.00 8775.05
236.00 8777.34
237.00 8779.63
238.00 8781.94
239.00 8784.25
240.00 8786.57
241.00 8788.91
242.00 8791.25
243.00 8793.60
244.00 8795.96
245.00 8798.33
246.00 8800.71
247.00 8803.10
248.00 8805.50
249.00 8807.91
250.00 8810.33
251.00 8812.76
252.00 8815.19
253.00 8817.64
254.00 8820.10
255.00 8822.56
256.00 8825.04
257.00 8827.52
258.00 8830.02
259.00 8832.52
260.00 8835.03
261.00 8837.55
262.00 8840.08
263.00 8842.63
264.00 8845.18
265.00 8847.74
266.00 8850.30
267.00 8852.88
268.00 8855.47
269.00 8858.07
270.00 8860.67
271.00 8863.29
272.00 8865.92
273.00 8868.55
274.00 8871.19
275.00 8873.85
276.00 8876.51
277.00 8879.18
278.00 8881.86
279.00 8884.55
280.00 8887.25
281.00 8889.96
282.00 8892.68
283.00 8895.41
284.00 8898.15
285.00 8900.90
286.00 8903.65
287.00 8906.42
288.00 8909.19
289.00 8911.98
290.00 8914.77
291.00 8917.57
292.00 8920.38
293.00 8923.20
294.00 8926.03
295.00 8928.87
296.00 8931.72
297.00 8934.58
298.00 8937.45
299.00 8940.32
300.00 8943.21
301.00 8946.10
302.00 8949.01
303.00 8951.92
304.00 8954.85
305.00 8957.78
306.00 8960.72
307.00 8963.67
308.00 8966.63
309.00 8969.60
310.00 8972.57
311.00 8975.56
312.00 8978.56
313.00 8981.56
314.00 8984.58
315.00 8987.60
316.00 8990.63
317.00 8993.68
318.00 8996.73
319.00 8999.79
320.00 9002.86
321.00 9005.93
322.00 9009.02
323.00 9012.12
324.00 9015.22
325.00 9018.34
326.00 9021.46
327.00 9024.60
328.00 9027.74
329.00 9030.89
330.00 9034.05
331.00 9037.22
332.00 9040.40
333.00 9043.58
334.00 9046.78
335.00 9049.98
336.00 9053.20
337.00 9056.42
338.00 9059.65
339.00 9062.90
340.00 9066.15
341.00 9069.41
342.00 9072.67
343.00 9075.95
344.00 9079.24
345.00 9082.53
346.00 9085.84
347.00 9089.15
348.00 9092.47
349.00 9095.80
350.00 9099.14
351.00 9102.49
352.00 9105.85
353.00 9109.21
354.00 9112.59
355.00 9115.97
356.00 9119.37
357.00 9122.77
358.00 9126.18
359.00 9129.60
360.00 9133.03
361.00 9136.46
362.00 9139.91
363.00 9143.36
364.00 9146.83
365.00 9150.30
366.00 9153.78
367.00 9157.27
368.00 9160.77
369.00 9164.28
370.00 9167.79
371.00 9171.32
372.00 9174.85
373.00 9178.39
374.00 9181.94
375.00 9185.50
376.00 9189.07
377.00 9192.65
378.00 9196.23
379.00 9199.83
380.00 9203.43
381.00 9207.04
382.00 9210.66
383.00 9214.29
384.00 9217.93
385.00 9221.58
386.00 9225.23
387.00 9228.89
388.00 9232.56
389.00 9236.25
390.00 9239.93
391.00 9243.63
392.00 9247.34
393.00 9251.05
394.00 9254.77
395.00 9258.51
396.00 9262.24
397.00 9265.99
398.00 9269.75
399.00 9273.51
400.00 9277.29
401.00 9281.07
402.00 9284.86
403.00 9288.66
404.00 9292.47
405.00 9296.28
406.00 9300.11
407.00 9303.94
408.00 9307.78
409.00 9311.63
410.00 9315.48
411.00 9319.35
412.00 9323.22
413.00 9327.10
414.00 9330.99
415.00 9334.89
416.00 9338.80
417.00 9342.71
418.00 9346.64
419.00 9350.57
420.00 9354.51
421.00 9358.46
422.00 9362.41
423.00 9366.38
424.00 9370.35
425.00 9374.33
426.00 9378.32
427.00 9382.31
428.00 9386.32
429.00 9390.33
430.00 9394.35
431.00 9398.38
432.00 9402.41
433.00 9406.46
434.00 9410.51
435.00 9414.57
436.00 9418.64
437.00 9422.72
438.00 9426.80
439.00 9430.89
440.00 9434.99
441.00 9439.10
442.00 9443.21
443.00 9447.34
444.00 9451.47
445.00 9455.61
446.00 9459.76
447.00 9463.91
448.00 9468.07
449.00 9472.24
450.00 9476.42
451.00 9480.61
452.00 9484.80
453.00 9489.00
454.00 9493.21
455.00 9497.43
456.00 9501.65
457.00 9505.88
458.00 9510.12
459.00 9514.37
460.00 9518.62
461.00 9522.88
462.00 9527.15
463.00 9531.43
464.00 9535.71
465.00 9540.01
466.00 9544.30
467.00 9548.61
468.00 9552.93
469.00 9557.25
470.00 9561.58
471.00 9565.91
472.00 9570.25
473.00 9574.61
474.00 9578.96
475.00 9583.33
476.00 9587.70
477.00 9592.08
478.00 9596.47
479.00 9600.86
480.00 9605.26
481.00 9609.67
482.00 9614.09
483.00 9618.51
484.00 9622.94
485.00 9627.38
486.00 9631.82
487.00 9636.27
488.00 9640.73
489.00 9645.20
490.00 9649.67
491.00 9654.15
492.00 9658.63
493.00 9663.12
494.00 9667.62
495.00 9672.13
496.00 9676.64
497.00 9681.16
498.00 9685.69
499.00 9690.22
500.00 9694.76
501.00 9699.31
502.00 9703.86
503.00 9708.43
504.00 9712.99
505.00 9717.57
506.00 9722.15
507.00 9726.73
508.00 9731.33
509.00 9735.93
510.00 9740.53
511.00 9745.14
512.00 9749.76
513.00 9754.39
514.00 9759.02
515.00 9763.66
516.00 9768.30
517.00 9772.95
518.00 9777.61
519.00 9782.28
520.00 9786.95
521.00 9791.62
522.00 9796.30
523.00 9800.99
524.00 9805.69
525.00 9810.39
526.00 9815.09
527.00 9819.80
528.00 9824.52
529.00 9829.25
530.00 9833.98
531.00 9838.71
532.00 9843.46
533.00 9848.20
534.00 9852.96
535.00 9857.72
536.00 9862.48
537.00 9867.26
538.00 9872.03
539.00 9876.82
540.00 9881.60
541.00 9886.40
542.00 9891.20
543.00 9896.00
544.00 9900.81
545.00 9905.63
546.00 9910.45
547.00 9915.28
548.00 9920.11
549.00 9924.95
550.00 9929.79
551.00 9934.64
552.00 9939.49
553.00 9944.35
554.00 9949.22
555.00 9954.09
556.00 9958.96
557.00 9963.84
558.00 9968.72
559.00 9973.61
560.00 9978.51
561.00 9983.41
562.00 9988.31
563.00 9993.22
564.00 9998.14
565.00 10003.06
566.00 10007.98
567.00 10012.91
568.00 10017.84
569.00 10022.78
570.00 10027.72
571.00 10032.67
572.00 10037.62
573.00 10042.58
574.00 10047.54
575.00 10052.51
576.00 10057.48
577.00 10062.45
578.00 10067.43
579.00 10072.41
580.00 10077.40
581.00 10082.39
582.00 10087.39
583.00 10092.39
584.00 10097.39
585.00 10102.40
586.00 10107.41
587.00 10112.42
588.00 10117.44
589.00 10122.47
590.00 10127.50
591.00 10132.53
592.00 10137.56
593.00 10142.60
594.00 10147.64
595.00 10152.69
596.00 10157.74
597.00 10162.79
598.00 10167.85
599.00 10172.91
600.00 10177.98
601.00 10183.04
602.00 10188.11
603.00 10193.19
604.00 10198.27
605.00 10203.35
606.00 10208.43
607.00 10213.52
608.00 10218.61
609.00 10223.70
610.00 10228.80
611.00 10233.89
612.00 10239.00
613.00 10244.10
614.00 10249.21
615.00 10254.32
616.00 10259.43
617.00 10264.55
618.00 10269.66
619.00 10274.79
620.00 10279.91
621.00 10285.03
622.00 10290.16
623.00 10295.29
624.00 10300.43
625.00 10305.56
626.00 10310.70
627.00 10315.84
628.00 10320.98
629.00 10326.12
630.00 10331.27
631.00 10336.42
632.00 10341.56
633.00 10346.72
634.00 10351.87
635.00 10357.02
636.00 10362.18
637.00 10367.34
638.00 10372.50
639.00 10377.66
640.00 10382.82
641.00 10387.99
642.00 10393.15
643.00 10398.32
644.00 10403.49
645.00 10408.66
646.00 10413.83
647.00 10419.00
648.00 10424.17
649.00 10429.34
650.00 10434.52
651.00 10439.69
652.00 10444.87
653.00 10450.05
654.00 10455.22
655.00 10460.40
656.00 10465.58
657.00 10470.76
658.00 10475.94
659.00 10481.12
660.00 10486.30
661.00 10491.48
662.00 10496.66
663.00 10501.84
664.00 10507.02
665.00 10512.21
666.00 10517.39
667.00 10522.57
668.00 10527.75
669.00 10532.93
670.00 10538.11
671.00 10543.29
672.00 10548.47
673.00 10553.65
674.00 10558.83
675.00 10564.00
676.00 10569.18
677.00 10574.36
678.00 10579.53
679.00 10584.71
680.00 10589.88
681.00 10595.06
682.00 10600.23
683.00 10605.40
684.00 10610.57
685.00 10615.74
686.00 10620.90
687.00 10626.07
688.00 10631.23
689.00 10636.40
690.00 10641.56
691.00 10646.72
692.00 10651.87
693.00 10657.03
694.00 10662.18
695.00 10667.34
696.00 10672.49
697.00 10677.63
698.00 10682.78
699.00 10687.92
700.00 10693.06
701.00 10698.20
702.00 10703.34
703.00 10708.47
704.00 10713.60
705.00 10718.73
706.00 10723.86
707.00 10728.98
708.00 10734.10
709.00 10739.22
710.00 10744.33
711.00 10749.44
712.00 10754.55
713.00 10759.66
714.00 10764.76
715.00 10769.85
716.00 10774.95
717.00 10780.04
718.00 10785.13
719.00 10790.21
720.00 10795.29
721.00 10800.36
722.00 10805.44
723.00 10810.50
724.00 10815.57
725.00 10820.63
726.00 10825.68
727.00 10830.73
728.00 10835.78
729.00 10840.82
730.00 10845.86
731.00 10850.89
732.00 10855.92
733.00 10860.94
734.00 10865.96
735.00 10870.97
736.00 10875.98
737.00 10880.98
738.00 10885.98
739.00 10890.97
740.00 10895.96
741.00 10900.94
742.00 10905.92
743.00 10910.89
744.00 10915.85
745.00 10920.81
746.00 10925.76
747.00 10930.71
748.00 10935.65
749.00 10940.58
750.00 10945.51
751.00 10950.43
752.00 10955.35
753.00 10960.26
754.00 10965.16
755.00 10970.06
756.00 10974.95
757.00 10979.83
758.00 10984.70
759.00 10989.57
760.00 10994.43
761.00 10999.29
762.00 11004.13
763.00 11008.97
764.00 11013.80
765.00 11018.63
766.00 11023.44
767.00 11028.25
768.00 11033.05
769.00 11037.85
770.00 11042.63
771.00 11047.41
772.00 11052.18
773.00 11056.94
774.00 11061.69
775.00 11066.43
776.00 11071.17
777.00 11075.90
778.00 11080.61
779.00 11085.32
780.00 11090.02
781.00 11094.71
782.00 11099.40
783.00 11104.07
784.00 11108.73
785.00 11113.39
786.00 11118.03
787.00 11122.67
788.00 11127.29
789.00 11131.91
790.00 11136.51
791.00 11141.11
792.00 11145.70
793.00 11150.27
794.00 11154.84
795.00 11159.39
796.00 11163.94
797.00 11168.47
798.00 11173.00
799.00 11177.51
800.00 11182.01
801.00 11186.51
802.00 11190.99
803.00 11195.46
804.00 11199.92
805.00 11204.36
806.00 11208.80
807.00 11213.22
808.00 11217.64
809.00 11222.04
810.00 11226.43
811.00 11230.81
812.00 11235.17
813.00 11239.53
814.00 11243.87
815.00 11248.20
816.00 11252.52
817.00 11256.82
818.00 11261.11
819.00 11265.39
820.00 11269.66
821.00 11273.92
822.00 11278.16
823.00 11282.39
824.00 11286.60
825.00 11290.81
826.00 11294.99
827.00 11299.17
828.00 11303.33
829.00 11307.48
830.00 11311.62
831.00 11315.74
832.00 11319.85
833.00 11323.94
834.00 11328.02
835.00 11332.09
836.00 11336.14
837.00 11340.18
838.00 11344.20
839.00 11348.21
840.00 11352.20
841.00 11356.18
842.00 11360.15
843.00 11364.09
844.00 11368.03
845.00 11371.95
846.00 11375.85
847.00 11379.74
848.00 11383.62
849.00 11387.47
850.00 11391.32
851.00 11395.14
852.00 11398.96
853.00 11402.75
854.00 11406.53
855.00 11410.29
856.00 11414.04
857.00 11417.77
858.00 11421.49
859.00 11425.19
860.00 11428.87
861.00 11432.53
862.00 11436.18
863.00 11439.82
864.00 11443.43
865.00 11447.03
866.00 11450.61
867.00 11454.17
868.00 11457.72
869.00 11461.25
870.00 11464.76
871.00 11468.26
872.00 11471.73
873.00 11475.19
874.00 11478.64
875.00 11482.06
876.00 11485.46
877.00 11488.85
878.00 11492.22
879.00 11495.57
880.00 11498.91
881.00 11502.22
882.00 11505.52
883.00 11508.79
884.00 11512.05
885.00 11515.29
886.00 11518.51
887.00 11521.72
888.00 11524.90
889.00 11528.06
890.00 11531.21
891.00 11534.33
892.00 11537.44
893.00 11540.53
894.00 11543.59
895.00 11546.64
896.00 11549.67
897.00 11552.68
898.00 11555.67
899.00 11558.63
900.00 11561.58
901.00 11564.51
902.00 11567.42
903.00 11570.31
904.00 11573.17
905.00 11576.02
906.00 11578.85
907.00 11581.65
908.00 11584.44
909.00 11587.20
910.00 11589.94
911.00 11592.67
912.00 11595.37
913.00 11598.05
914.00 11600.71
915.00 11603.35
916.00 11605.96
917.00 11608.56
918.00 11611.13
919.00 11613.68
920.00 11616.21
921.00 11618.72
922.00 11621.21
923.00 11623.67
924.00 11626.12
925.00 11628.54
926.00 11630.94
927.00 11633.31
928.00 11635.67
929.00 11638.00
930.00 11640.31
931.00 11642.60
932.00 11644.87
933.00 11647.11
934.00 11649.33
935.00 11651.53
936.00 11653.70
937.00 11655.85
938.00 11657.98
939.00 11660.09
940.00 11662.17
941.00 11664.23
942.00 11666.27
943.00 11668.28
944.00 11670.27
945.00 11672.24
946.00 11674.18
947.00 11676.10
948.00 11678.00
949.00 11679.87
950.00 11681.72
951.00 11683.55
952.00 11685.35
953.00 11687.13
954.00 11688.88
955.00 11690.62
956.00 11692.32
957.00 11694.01
958.00 11695.66
959.00 11697.30
960.00 11698.91
961.00 11700.50
962.00 11702.06
963.00 11703.60
964.00 11705.11
965.00 11706.60
966.00 11708.06
967.00 11709.50
968.00 11710.92
969.00 11712.31
970.00 11713.68
971.00 11715.02
972.00 11716.34
973.00 11717.63
974.00 11718.90
975.00 11720.14
976.00 11721.36
977.00 11722.55
978.00 11723.72
979.00 11724.86
980.00 11725.98
981.00 11727.07
982.00 11728.14
983.00 11729.19
984.00 11730.20
985.00 11731.20
986.00 11732.16
987.00 11733.11
988.00 11734.02
989.00 11734.91
990.00 11735.78
991.00 11736.62
992.00 11737.44
993.00 11738.23
994.00 11738.99
995.00 11739.73
996.00 11740.45
997.00 11741.13
998.00 11741.80
999.00 11742.43
1000.00 11743.05
1001.00 11743.63
1002.00 11744.19
1003.00 11744.73
1004.00 11745.24
1005.00 11745.72
1006.00 11746.18
1007.00 11746.61
1008.00 11747.02
1009.00 11747.40
1010.00 11747.75
1011.00 11748.08
1012.00 11748.38
1013.00 11748.66
1014.00 11748.91
1015.00 11749.14
1016.00 11749.34
1017.00 11749.52
1018.00 11749.67
1019.00 11749.79
1020.00 11749.89
1021.00 11749.96
1022.00 11750.00
1023.00 11750.02
1023.27 11750.02
